-19.80661823517939
5.830195943980728
6.0922351279544715
5.217186162463394
6.362132025609951
-12.609194148097302
-23.647754905694622
6.425797313637189
-1.2018186295050934
-10.375719311074672
-16.19383207637692
-35.53868984965475
-13.516740050531302
-5.471209359293181
-3.1242184233286716
-0.6973436872754243
-3.166124215481185
-3.3570771640408776
2.6518322565282353
6.81939066063302
-16.636960459155073
-44.076825821791466
1.3232268580341087
-16.47523282494805
-4.051456144406147
-1.1624896606020625
-3.4343879522792995
0.6040101551637056
-2.889036984041333
-3.411984199667968
-1.752505120728787
-0.8681866390711332
-3.234244593864307
-3.3744084501489997
-2.618348074868944
-2.9569792490067592
-4.75263738299223
-4.730241060333946
3.2782911726683377
-1.1374518554378297
-5.21827133397634
-3.5183222158998246
-5.178269390160218
-2.5066317597733176
-6.934170952762785
-4.793991877617316
-4.611586717809237
-5.811439594350137
-6.953450245542452
-5.210400337428477
-5.6837118966716
-5.8811547077974895
-5.241420880731196
-4.676823937522247
-4.5875335957879795
-4.030895328858867
-0.2439865220071109
0.924187997232504
-4.784697758422543
-6.012447148248554
-3.5925318102423733
-3.894995841452852
-3.246441395187132
-3.26216133799342
-5.084067077743512
0.037113228069618476
-1.9799949772227556
-0.6269095699849205
-1.8939947765897962
-2.3259400671708095
-0.7884344499080109
-4.719816400373974
-4.740209838411461
-1.482466828800116
-2.4514929890893398
-1.8604673356624957
-4.979697040907416
-2.358983378161367
-3.968372099736705
-4.2924764198592555
-5.287984183315807
-5.500273229035858
-4.70242169409183
-3.078746268166851
-5.0725060805218884
-3.8386538699685295
-4.969634701266886
-6.7815281343410385
-5.411987363238509
-4.611551118078328
-5.268284561150398
-4.9674305007265245
-3.80121804231219
-6.25292208614076
-2.2998177196445537
-4.482769003073376
-4.517397938376292
-2.772593425938238
-1.9569667358727494
-3.282394703050454
-4.574137036650129
-3.6849786610677837
-3.7016631274117797
-5.013571623243391
-4.7053770525384095
-4.485370699434542
-5.522651769129869
-3.7620641323719175
-4.60504790483291
-6.190563344439492
-2.8645428589650725
-3.8491784252660985
-4.0372740418147295
-5.697841512462743
-5.49436878803683
-5.109585746970645
0.14115848571062095
-6.327532375959057
-5.650833434907719
-4.711313839659094
1.8718921621721245
-2.813553669628378
-4.047137863940872
-4.337927147720631
-4.906682844082515
-4.476273397774124
-6.027116539349159
-4.150471335437771
-3.726769382630166
-4.128076930666961
-3.318777339739103
-2.118171260189887
-2.963699564738199
-2.491954234560333
-2.704390840066597
-3.7052804430450017
-4.573714604094002
-2.2062362646547444
-2.5380817050319164
-2.7856691409417724
-3.887493411507457
-7.220445231306057
-3.2757016643056005
-1.9344211138617247
-0.8938231292323506
-1.842899245411158
-5.358886427508048
-4.346637276871748
-4.63066867546675
-3.182548383317695
-4.385268508588276
-3.1348964404463766
-3.8740748159959906
-4.03502560712894
-2.6248657356078438
-2.3837105483996384
-2.6516626523112277
-2.535249057016336
-1.9704137647381645
-0.9644825773276385
-0.8916489030638076
-0.34936031853469474
-1.3242841015569868
-1.2372780420885716
2.4954936925824724
0.43804299827975735
0.41689604142742964
2.2781098641781137
-0.31598716818355055
1.0114715862721213
2.4170986028679953
3.7699812082524122
3.1169710385110223
2.549033491401002
3.6100636109784237
4.302580731096992
0.14207118710689248
1.2340855827145272
0.06353606164269143
0.4468899013145491
3.5705220776293434
3.513411081088707
3.1260906060524274
1.5318691034403966
4.484554260329029
-1.2824677891408396
3.639477711168432
3.5650489066615707
1.6357803088923286
-0.11331597105848101
-0.5985041852934916
-0.5208045904623977
4.393348401910312
3.720563233659292
4.15904555818935
0.23871946600389804
4.385296198627602
2.5453781264238073
4.235653344176712
3.796886894864339
2.2573242073779287
-0.7812629494338009
5.317353297149142
4.436035369962452
4.806808742384111
5.744863735118881
6.141989527693639
3.2669491862716757
4.992143025528642
2.9521936731543397
3.462978921960108
1.8169683603942386
6.746138764216873
1.076052158153924
5.02533758306069
3.8836454029381278
4.847611961995561
3.7542617163384966
4.702748295268044
3.061406085857503
5.482922307316836
4.677611936610191
5.601784805902592
5.6333758212005085
3.4237155243648845
4.422358220672857
5.189892200591043
4.050877865964546
4.123451683960856
4.642862531877433
6.505788710769889
5.641364008454606
6.114976258625586
5.097433730027331
3.903748343195147
4.303183795478194
6.231147287984689
6.030420611655343
4.928101946403586
5.083920019915947
5.32235201558036
6.41168382536123
3.723770645455147
5.479485537893451
4.918616330732903
2.4397686006401975
5.680154425537214
3.9305617495613756
6.4164288304665416
5.363333430693171
5.251142440584799
7.182071120349692
1.481891787740714
6.802117439160744
6.1416312539583675
5.480394692234078
4.156501823714621
3.8079802396309868
5.7666907026320695
5.313067237150545
2.5703724653565647
6.986340810176606
3.7280346185012423
3.6883956832050684
3.608163911721359
7.0320657130659825
7.788052384634192
4.380715993889919
7.426083874883751
6.717770689184162
5.791490419604501
7.908903337910768
8.811383146558581
7.830814727602839
7.530657409467427
-1.7388253561031664
-4.119480911880405
7.03701959651398
8.597279988205687
6.60464536002744
6.231620994337522
6.741275171187393
6.095048357555645
6.86893386527896
7.201009237344685
7.171769168163962
7.122708792320765
7.373186897972596
7.105537376008309
7.219397390303197
6.54017885623438
8.611257413720088
6.0272873263564
4.937890484633546
3.5096243894062953
7.009403907038271
6.566886853495614
8.732134551699584
7.106832848545162
8.387334368524453
8.954768789719795
7.882719611818592
8.034056192557019
6.056360471274082
8.30858529465335
5.6259126917847135
4.2680159772858035
7.555861982705075
7.078340825421112
6.324879393621036
5.865310600375137
5.7080570868533105
5.922702105031038
6.237182816796005
6.2479050911031635
6.911765274796637
6.664715181525801
4.047715925880394
6.683643077118326
6.311308732959749
8.751826122262209
5.855666316436603
7.9311283788140905
9.471918862128627
6.543278235696877
6.696924447768677
6.113793503460159
7.312646697302659
4.967838073077919
8.455686548661443
8.992279509507739
6.750279876527688
7.141896941402928
9.146210218654948
5.549490112768488
6.776632597110545
6.873792474921178
9.841923686299474
5.129332863786571
8.60890632674781
8.364317887096355
7.5730979556894535
5.972550234669199
6.096588768381004
6.257882173987106
5.465473123569666
6.9733302440686735
5.647164804359892
11.510133391025164
8.07612796933328
6.980108759784448
9.674165343620503
6.622320854490004
7.53768828889293
9.60530108686723
7.881897676444302
7.627475803929688
13.984094591716925
9.973954268702617
9.742653063019118
9.369219887827214
12.108947505233811
10.015979357240106
13.216556912211084
9.641246875680984
9.968085329990215
7.868696557047466
7.839597294264783
11.978302985088277
13.39999338782889
15.429098336949945
12.055715631414202
26.760623933777218
11.977544086697195
12.466671047005184
11.511303892631702
6.575512374348936
13.093095832264671
10.931166151984284
8.601938899433238
11.831923219441125
10.618035086849709
9.017907425988472
10.08744244336585
13.533355024846887
9.002226198603712
10.189107472201187
7.640963790366422
16.90806842825686
9.910546219240254
11.216452601928262
12.001630391111593
12.872904131127529
10.457514345497513
18.162745223082585
14.08007226283103
5.9139114487338835
5.953538875462332
7.295648437106049
22.132244215876476
14.121813841078433
16.212133868249133
34.663148807607605
12.564203200540817
15.75046015663818
12.377549077533189
11.886559772137554
10.67816095419415
10.457092724063745
7.53587303572769
9.340076503432046
17.005124233620247
9.916010982892166
6.137165115829555
12.149270504341775
10.285113543916491
10.972547651974486
10.759181456426154
4.023274944476164
7.126002339203529
10.121008448133244
3.924502198393146
6.45478136935225
11.170348667409888
9.644869835879653
8.794286670165755
5.655795819397394
8.707472748634716
8.082401258659857
15.761915827403467
13.209540351196498
7.360544737742591
10.16221814980234
9.731786801535014
6.790415461298702
9.21134815301187
18.103294532762224
10.338650685959813
11.332270026274644
12.176742170877752
7.981800153663377
7.470339904128265
2.0821389599138236
10.820214437863479
3.4579384254993233
13.728860714980712
4.489316284449771
3.9565880130877122
5.52501577416373
6.291585690616943
6.125223431204137
16.240803064443785
17.518760794323548
10.583336043713622
4.908930104484316
18.92975896660053
5.66844658592157
10.720984451207022
13.060543112730608
6.041371802250546
11.138638111788781
24.1478599919447
8.08710214123937
13.889898068007085
7.846668889742347
12.628619262745598
15.057082040722175
14.854142415201915
14.990790058011806
13.383028750025353
6.616395530937864
16.78330524691939
11.023654624569538
17.898159636219958
15.421473387745515
5.375963141373662
10.292928352400043
11.594986188444613
1.8391094959831493
7.979916006648917
14.616771668847646
19.287011923367153
4.588672610790157
7.837918607385825
9.847298309864478
12.771994994771358
8.594639816141378
14.56598997517613
2.2331179580421514
16.548374345996727
16.87812434533238
5.289443787646169
10.356459347323202
2.8697163831628854
2.1028164591901013
3.454247008332361
13.151757014765092
4.474786793648573
17.5837446794541
11.43911645872953
3.098599650887153
4.904323316129546
25.09797501647844
23.18979847749136
11.501186439427235
30.2375839179332
24.5056699488908
31.07476772988293
7.477010463671135
29.461189668850363
22.56205869471406
13.02959610345898
58.99850861018399
9.523668641317634
27.769737825411056
21.299313773900884
1.1930344376135618
22.779184067686398
25.825891458276036
28.230778861504042
25.44863367030304
11.364719772019114
21.64991163277875
14.601528438081969
13.517798102762555
27.86253197884373
12.139212433953457
28.567540115531546
31.7806279005135
21.742155343371135
12.381502974176156
34.53083447935122
14.734068095799534
29.067347366561496
32.208367460444585
34.84601175209941
22.378352245591586
26.625523543783146
-15.035832887552061
35.31922123991325
22.63365936977106
14.835920806825783
-11.106208879064768
-8.727940179379038
1.431714739917469
16.15493246400854
5.715714700980735
-14.347565826059618
6.159795348576582
5.768800050757828
-2.3642617351766715
9.778632042624677
42.87391571507541
-13.65013110213416
26.637407925322492
1.436990705814209
3.3750095236394557
50.621375207828386
28.698787427344666
60.59633505856311
12.823240362492077
41.94050910959548
11.136163034390664
6.0122772812886796
20.994329753721132
19.62945576714911
5.543842092328395
13.393917552872248
9.367826366326462
7.276823452211296
22.706468017260853
13.878439640478549
12.57381549919769
15.985101941451429
16.793369443760557
28.116895567404733
14.416861379004393
49.98284818553549
40.306508966647705
25.28728709012457
41.97594545766772
21.238601459405064
12.035675010525935
13.30805256300171
2.0951294699714857
20.04507247202718
20.261902454045302
42.96030990470076
42.486570387240505
27.894340243937442
27.399304988063257
28.19945832982598
37.34006628744988
22.383344097365303
15.09463422076653
17.01544629683035
24.32052335677234
18.997341489041844
40.59251497198392
37.20520003013934
19.93534740869762
30.243107387648266
40.17086684159747
30.124724924193387
23.882469695866742
13.656882458357144
8.380981080419064
31.02911865816141
53.08136719556712
14.693811519293735
43.54084053986708
22.91944403487134
11.483608857868859
36.70162122330751
42.272825091989084
28.236165535894536
35.43063380297211
27.680399363890913
30.51757858573148
36.40308589253575
43.771582077579254
25.18119180448665
24.146753472949687
32.25581023826449
14.565431501398484
13.015452555761984
13.774432007474825
44.851825088348846
13.725954144870874
33.660299116770425
43.04006981195107
13.131858526933314
27.48746221076823
36.065085323386505
35.361519569152954
18.68303543793969
43.71763678332729
25.379578328778358
27.695564961499848
47.45185327804276
57.77244843748462
43.55357077336434
11.181279759028921
34.69632840763218
46.982785256892434
37.67329932093807
47.07618343788695
50.88897327356536
22.061534646898497
43.54054435665783
35.65750996745315
22.616902008177092
50.91959420925688
130.90887317819332
22.60970063383629
12.396036410023768
37.35284494818126
15.53533181573885
32.793460388754816
19.57679805269899
15.969212963869175
36.48139239070937
48.225154849084134
37.60919520874382
52.84327510637356
38.83859148558104
27.262082507520287
9.094624356968323
78.98454966330159
43.26878381723291
29.58942676530096
119.71216177682894
35.48433125613132
68.36303127889335
24.437796385793003
26.501862176233885
67.48572351688483
27.336576059249552
31.416734870821244
80.66277424499017
25.994990883961307
47.73527090180539
101.06065780948259
35.44991673492144
30.892816931147138
51.413328083240714
24.468633632774786
56.113821688612965
27.498601668554667
44.86571343470798
29.38652344116073
10.380188959602881
121.41977536396212
33.122634627039844
106.7437330677566
107.16584999892544
57.21781206819786
85.79806003400864
47.120373247625935
48.507688804292435
60.13106465462597
26.17837699963212
31.949380835234514
53.76797002529537
117.31712113607497
111.8217890484644
41.322548192258914
98.75315760218479
24.609029204778988
29.653679151404045
32.14420273759836
54.17002729994989
20.908081623166808
123.35745549671671
75.5017367794887
27.001835565943882
44.99853798544596
36.897378230751784
55.15183889352529
37.77514654456824
13.845122013850757
25.599156859100493
13.287965915008764
13.238543002324793
51.36462409745905
64.25652127672548
12.122118894776934
38.061730543703455
53.67999328518226
68.84864950310202
41.34481128893916
88.91114324974023
56.779478333331646
45.59033559025329
10.941840945612647
176.80519029957443
213.60881195206207
56.87684636855312
49.286469285090185
63.19176584331879
35.90583896426825
89.07936504043268
86.52311134967147
66.81681618563394
40.67420679114447
125.15610892499669
5.572022636759393
59.0343856176678
12.15469423523793
89.95170329639065
55.77336959090887
12.859553201627598
71.24267248657097
37.947702206074574
25.650213430297867
32.36570212057789
21.11870099178826
62.35195679601652
49.75631743581531
56.192727153564505
58.84374898829502
35.201480125973625
52.63840245240308
10.58986292657691
20.795079942747332
58.58223394734219
-5.316332779873162
153.19781116904252
141.73229457426697
82.27129205968228
38.038757314986256
29.441037409377582
44.997171930015675
26.206047431584437
94.24481355256275
34.79995841945894
71.3920271768235
206.58749707553534
25.128254676137132
30.905282915014748
-1.30449262292186
50.992017677065576
55.374942086356995
59.979465577641506
117.11323024138744
44.04743802016535
38.62033797382004
77.58810867414621
188.71905163052156
92.17058493121532
16.383753965511314
16.886751494718713
20.73676284906205
57.0024415922649
41.2503008134123
37.221146553036434
73.27345025635884
43.44140948788417
34.69951553182646
51.22205264230194
148.31198738187993
62.773106265633665
14.380552705014752
14.261757957858347
33.07995466463331
67.5853607006296
58.45687670887015
44.86139333356421
56.69812668978608
28.415134325931458
149.37655905971542
26.731186306496465
64.45432591849135
23.62210635703306
30.443931333431355
98.89480317538593
78.17758896096547
80.8364250317601
49.56284190762852
35.46472531962518
25.560992563913274
12.622853754248473
105.78303883798958
42.61513060383372
52.07273004457229
74.19138500663388
88.44281205094228
115.6284323785175
13.414553566637133
26.74538056983735
13.813585020338499
35.87196592470632
16.578499914038936
28.05949336952033
24.254664278317232
42.20469809516025
221.4419965522854
32.228986259604504
53.73685850958958
50.679809627355404
58.78684703550923
93.22850922551441
254.71748383444103
84.89619129528661
110.96810629917188
81.63011439219105
243.46769115223768
137.99123407162654
57.37966091786043
18.382515136470403
110.77283170525045
48.51933913216804
37.92351692399692
78.07487545283142
102.68954404641126
42.691611119157955
79.05899477760367
43.379674735880776
89.14640684771726
54.167136223174
151.21788815255232
267.4169118262988
68.37890632592328
6.243725702050452
190.6026225713972
66.1953068720779
110.15764426960358
152.08671162100674
56.81985103850128
42.88482333475632
56.56238787521295
58.886769354827706
156.08042053956282
67.1217138868291
83.00019979730116
19.027397785389166
61.03174853096529
206.8925581526807
15.304595858360416
131.20633903473671
89.85163027545507
31.311997845486424
100.34645524473733
35.91449704294155
69.87582949634519
61.42444142089532
55.66181715206863
36.698568981856766
57.50098660382006
14.633391930641602
63.31049478573803
21.418317564537745
31.857150444298348
36.54988218728761
250.10516111289792
98.39543847853935
51.74103439465477
68.38717340850646
149.7896673642062
8.214452378317716
12.124530808651194
34.12667684151915
27.662142684826005
42.4632755719206
10.324071970645337
44.8051051100834
12.595728156068056
86.22885921814324
45.225958507093935
112.01535005564345
69.73112553224834
191.3979239873756
37.80819551031479
31.548804346592483
57.93583072564537
70.90120022536382
32.01939755532892
43.94559503430684
72.06707952830318
31.320471798996103
37.16974605444571
135.92380022340893
45.74387816308997
26.926890628490597
26.888231708609172
19.51729514024096
28.079343584477893
36.59050475531694
24.729179315034294
42.198464736498615
37.307414125001046
125.53565278987827
29.99764675199737
22.561065585004783
53.1542285332872
23.194718286938347
68.8192167336481
36.33140143562791
40.87167401658493
128.647260037922
162.00667047235467
38.949894603574016
22.504788243329152
28.218054092147078
37.21129750265059
55.72120673556313
30.54668023959548
43.70588749123923
-53.38137208117556
46.64741803415307
20.01279144199502
27.769021869434642
68.36380305283393
218.80881944203568
163.61947803634504
54.23918352095599
117.45697319259318
96.71252085867026
72.83564023837071
28.491881860199708
232.0336525530245
54.44761876901859
20.30425139659146
89.5788727426299
70.36904908026064
76.27455243703533
20.16667725224483
11.717063513719152
46.26657191645048
255.9438518824794
71.89348092674554
22.531234584162632
53.17176856029961
57.68699214493543
50.36566690014615
95.73368644519705
14.037234063741748
117.17857867121644
23.86339670420004
131.52635004292495
138.7212535788312
248.5977610471477
59.00644620641695
129.908918828413
81.15453462937158
87.08866929907289
117.57890239370553
97.64659717843804
46.22802709175458
94.99990865521819
14.640642016522582
74.26896194634892
59.13439929874302
42.29785235457866
100.9296408615894
74.32557637720244
55.153595770117526
38.39967726209726
68.19116236615493
13.13840923073391
66.60200602829988
10.964588049868741
11.009971410604198
71.80459561961052
121.85332774501731
53.420687079450076
69.12543573078142
26.033047926673046
35.96198611405306
57.807869267400356
59.370501312318574
50.95639418033074
14.160277470190072
52.95588739712476
33.97416759400721
27.067648180838674
-1.8999955190594107
31.808066476228348
127.63035951158466
54.867088122548545
38.03696534496232
40.91186776012743
27.386873843751854
82.74405761362969
100.30503763601935
51.1659121471066
25.657009395592528
89.93246609334022
106.0486351578565
41.15754894981346
48.0086498650306
107.31679926747918
97.02369689878263
30.22408552365067
132.2903374174393
54.30896865766249
-8.969391863873852
22.136075175995
69.95435816200387
45.86390514621018
34.70906902095491
119.0984085668518
93.94436608472715
22.823024923328934
82.86499697759561
124.15909205805393
15.284913481351605
13.3875374119437
33.35368234412002
38.178475958725464
15.93522696082045
100.96725129459303
26.47913490457086
13.629203340586898
125.51425893920035
47.4880545318313
30.48111182162787
20.47079305349042
26.55449245481752
25.752301169993984
158.40527721429982
35.05138106637136
53.17951671854343
48.01960445185738
91.15206428336293
26.533939869711162
28.49501944773768
43.12452598544894
89.4741046771966
48.22261673426193
40.77533348950557
68.53700146827293
47.37136790962025
24.775846074989676
26.067974691486597
34.81904887763099
20.95770858361261
50.429139281267915
95.62578053820998
25.831111797219126
58.27545252797504
90.36786076767923
145.632405324535
131.52321226581162
152.3728321364103
17.99771014147251
11.326360327083618
40.5931424347845
65.59310932365679
21.5438539903648
27.045435622170256
7.881122373413913
163.08398522661867
23.251421221454947
42.28916674772031
110.43455392640956
153.61313906224922
88.71327804204975
124.29367103976894
5.921957586544876
52.85208481852465
196.76114757599072
34.02477598651187
48.00728612344775
160.9219700514913
103.72895868328214
65.56002767303835
19.019027604086947
22.409032183504966
39.79384764269058
18.930516978934396
-90.06154180846424
102.47751204965203
45.640954711064076
33.042345458374356
22.932335192993296
49.726805755264444
104.43249980955142
36.510936036522175
30.984435999532533
42.24558917117055
196.78240758405548
66.51088675103149
46.156626860797424
99.80479826722355
23.059574831033743
12.85000407732154
123.25042223824809
99.61203239177966
68.44447386182037
43.441805882930744
131.99917546651943
44.31978715350355
37.68538515188482
147.57980244125056
93.12473412900852
167.31680672908354
100.50745517032408
46.80841295103541
12.43489331788445
23.825932566789902
120.11942386272547
28.8510652124087
90.31570229856482
46.94719959081457
55.10158558684217
60.778697394047576
108.34934130596
125.43378461278981
78.22996207914434
70.0464029530464
12.726107078095282
54.61766634201072
215.69380161008544
9.447656631099058
254.14223837095514
72.44862593422089
24.438857229422148
98.89316654646277
30.877449720716097
195.54659235261684
67.3819861496016
115.85832615797345
74.55794422091546
263.6926521731707
33.79421617813659
80.18683591667136
55.410527774839984
26.114455625165576
10.327715642104545
46.313964759180934
52.35330619724529
56.50742765507228
129.35232309082144
78.38903456000551
23.350829936054854
96.22747566997016
27.888249950623745
186.73476814501024
47.81556700303406
11.59603534806706
23.382136548904075
59.56821969279711
72.85145620468249
6.841818847336493
45.31415252965441
10.710310517101238
10.69638743669726
209.8502599143666
50.06933800860123
59.319150351688876
32.5382782584876
113.12959323046735
166.48044124585314
250.06604297910033
132.22546968191367
18.032891749875
33.07027441846829
95.19149345590235
108.19939334333378
35.9220515509372
48.50525891300661
67.04757172772663
128.69538313095634
3.579901436130207
80.73459460096367
81.14663210192631
57.922000264843014
32.64820239498156
161.2820507446694
70.50456035214644
30.890117906649262
2.3530289843293537
133.28369246712728
57.75841269977082
109.48251057899556
289.9635999109209
194.71553296624492
258.43624273197935
20.403033770458155
103.48223055235607
27.227657140850404
13.384208928026254
119.60138359701388
84.16358802317585
211.42879839753726
113.3277096380666
119.68556728145597
157.8012815508164
124.53986604683786
36.00182194181097
145.57573504691925
41.78084988806894
7.440319965168838
32.55329363649898
51.08364216925265
27.52664758400123
79.1034186535012
25.503187295947836
51.882717243555284
140.09118072722097
47.41427837072063
66.14465801460665
21.688591696575912
51.43216777883908
42.45755647200164
59.36248886457891
35.01595002338663
185.02949951788946
260.7215320903972
22.552009946864725
45.97034802216351
41.88169198225253
54.794934528938185
22.409915986018255
42.926333228386305
147.66287087723114
43.47749856596066
14.524854898087053
-106.79728254844945
300.7882893348807
300.49406374923063
81.32418576440395
25.954843972853073
34.382660206108675
99.56432029343522
43.96172878046708
217.46988559847833
58.7743807348702
70.38520890823467
90.51804451413388
15.12708748630807
73.68749874043463
165.5137063526275
106.04756128258573
17.36398591305626
49.44455064146035
63.58237688745684
79.31387039447333
56.277013093566524
37.50476122348258
95.60047346268661
36.44481822131823
31.716955573776122
6.222028359926619
87.58361757356914
69.5272742818637
51.87232857253526
37.648852791761975
22.40337009552928
256.530579021121
21.828495575309425
60.1893665169372
65.29348913935317
45.50708058560578
49.734235526662324
64.59169804123665
106.84659370468717
115.77433263950321
54.40812698924417
136.75396969265086
62.98149398154329
114.23383119340684
67.26348655943264
69.66512123199304
-17.267862334086868
-17.119809253233175
34.64457497440031
-15.207903510717678
-15.881803593646737
-15.44364447278716
-18.698666777602092
-20.188865376682337
-11.537872580242654
-23.68976795130038
-49.64035140623647
75.73439781466436
58.399154937417535
28.37443800142531
120.75087086286089
41.748813787069814
30.970361536238343
36.55380435049286
94.72370240438556
27.555317347473768
12.973128317304264
156.98601122851886
71.00590806674708
57.580479576419386
81.07177966103262
36.31658860004133
17.578356096275773
76.0205773279698
90.53155174945911
30.677978317316
62.12140616511553
28.042107199514913
87.12507551207518
171.27323413916355
53.29798217006462
35.18727701757166
34.40676700375725
26.3673120709279
157.1244427644734
52.17266340716368
37.74202296159726
22.92109220551513
33.13988964778249
49.14584719284932
70.96459241424003
39.98110213336162
129.65899729992944
243.6681926426479
65.32567558146141
298.6203003154513
48.73112715902616
80.87649447134817
28.623684016568582
59.5500423063052
19.609520215539252
94.23837732568941
69.67702898244059
148.12259092923568
25.297848567623664
133.81545842406092
51.855854260848794
24.74630942004918
132.41750878823296
61.80171928418552
42.62403168690639
153.6086826688604
288.7290851295422
66.5496917089001
47.78986966927535
96.89164728237063
103.82500482855427
82.54279533230827
82.61586477157722
107.47870476490368
26.441646114877113
47.13092535412993
48.36816981236451
126.68577610768808
120.63897374153706
83.48150691188937
12.301102803946163
71.15200695768618
261.14711046308867
97.36378578532735
44.742067764609395
31.736748673054688
73.1279044444909
15.050813691765686
87.69414528748088
154.41182907838686
91.72019729742472
132.88161203691922
20.07486576532324
186.03628641359634
89.35180612220925
305.6749922673131
292.4697924336733
291.7638099415602
299.2034352658599
11.616776722654702
37.634732517531134
80.12053323977656
55.71766337723536
95.85311654737897
24.767782062899315
92.17726660044426
159.82135849589653
112.21347929020907
152.61974102795511
34.20495563733639
70.69660855690204
299.1592971564004
300.8653651803102
63.8468533375232
80.08708181703902
170.60090157857908
105.36300725993014
64.93227592148503
26.476628125411768
46.75989367659636
131.47583827939062
49.89168827695215
43.939197908690815
26.312655289474236
216.12066622366208
63.83672401759216
62.52983436709831
30.162216762326665
53.70001627881887
55.65081830882993
32.82703467647483
232.4958195756163
81.91844787557298
144.88307262847997
158.18007173860457
75.68281383668639
75.26747373495064
62.91869999648815
295.64526290682886
46.793808673077606
181.54110578689802
51.349559479252115
24.16397729935062
90.70024983141997
56.077259105094065
120.38654707272042
62.93764728885452
173.24858014339955
29.798268632710595
27.021212896651274
43.13201680842287
42.97142301625943
91.56288428054697
32.4527390355859
10.931122217503068
89.78385543902344
51.18298023107337
91.37623681382341
26.761344189669312
16.472309851226704
66.8303908282177
152.86425149617517
58.16451569409667
127.26371032189152
301.72483009987155
81.57311596847697
26.032179084649307
300.9336063485267
105.41578275529916
62.183977085206
40.688331871536235
297.7921981832917
122.92698586486648
298.4856067719125
69.59677749782739
85.35094549571096
142.49597111313963
59.869400025517415
39.590944216748674
96.5910922891734
302.6889622002799
68.86195217678942
74.56496110995302
90.79083868137386
81.69709150593847
60.67461881546801
26.523816421591363
260.9772049597652
203.93294047324213
14.90840239031551
53.7698513998886
302.97981176480073
78.05618783983017
80.67475090122971
47.30321670983858
98.7821626026518
165.00834275498065
294.47375206091857
126.10783182382242
99.99741247345688
127.60212109430998
69.1120753540657
33.39199040778354
290.76148610648943
104.7041772711774
71.1849714454786
236.04558453137855
57.066540547169105
219.01734629225857
182.45503456526873
145.14912225730217
293.4898883429623
175.6706664127497
256.987732144504
154.34314893952498
168.3817166855757
271.26818834512335
149.17181503135163
178.08935642443723
236.72449725707588
291.8267998622332
20.44286392479328
148.00720575495444
291.5770919672545
192.75679931062592
34.28309342510317
292.3483357106466
86.9805469362362
82.70423786778872
240.466010214409
165.27266630029246
294.8257272200641
292.21645932647795
114.55703394067781
179.3382267989366
176.161401192252
178.39442614425838
45.70866464928349
113.54839132466172
136.63097073380948
53.69545245007731
16.124623095433538
291.684461485415
61.202029637154205
246.9961294495179
159.96978783960526
-77.94890353847104
291.4735632119202
4.305986967985204
290.2658638519824
-216.02146904577526
289.652383899141
-226.89242619081315
-212.82603777994441
-199.65235707564077
-190.7244059035605
-212.38407163324095
-216.50305340556724
-199.25021496193511
-178.36693241658554
-148.85365856537865
-188.54180828467892
-12.770600274398914
-34.9479622422991
-20.67455346279966
17.06635342014519
23.843118704838716
22.13397250636665
8.518097361029449
33.735519834230914
29.972438262673094
-6.8868494049973314
137.1908816619447
10.274681087741014
12.716391931472035
17.285212253122893
38.21107642113669
80.13362612145274
123.96378165468508
19.850678263240198
47.951234160548694
18.101004127014427
67.96136654705866
12.78322438699193
6.639765804570172
13.346016871480279
74.99037436981632
82.95245248265378
27.603581868365346
42.09648715879644
64.31779374066623
87.49800269548382
72.70559714538605
9.87814802756968
35.646294075991335
-6.874967465663339
36.99968638475796
17.705210143013236
63.201507077202834
179.68318581198474
30.218104255321727
47.172361861452444
35.989077355707046
90.77120796550903
108.45570181438029
238.5007538749768
62.307690921282415
17.193154881293573
90.50635132129293
146.07207127024165
29.112730176096125
30.320579135692984
169.08257136246937
281.6166102340168
78.09488671923246
276.52773313437314
107.46409623984299
101.0315504797678
17.655047271975615
103.25963884477449
82.52153430124193
2.6015793289498856
252.3999528156184
140.91273648816104
81.27461317332654
254.31093900917986
31.622314664838218
281.94188055260196
285.7329927471397
293.1636762905557
179.20092339980587
82.83799196864167
292.9222248803997
279.7886147846362
283.2166623919409
283.05635354793964
291.35219753408336
94.85322577432223
274.5831428110548
289.7855575650254
273.0612424471972
60.460879497308866
60.37171829482724
59.957575497952895
20.98109568701002
80.17789089902992
132.8350444596068
278.0201190529915
287.4307720809702
103.00490337524806
62.400504608716176
108.73658184066096
52.17218241518181
140.45267018267896
71.80030825792315
48.74313191113993
34.269373210447526
40.14182058218617
282.50447375578665
290.8071252945619
174.1863260032434
182.69535792629932
28.34043624295357
79.64904674317972
268.3008678736393
185.64623209592506
289.47305196269093
125.22917552685047
293.64766532647116
293.4148273570453
160.7760940548147
73.72801218902197
161.14129754078868
18.96408058220521
88.21756339924778
45.370029062929895
49.445467572523896
87.61840430354762
65.0814375659848
69.6689059974657
157.89719128443556
19.576277851911733
92.10156537115573
88.81242495935233
295.60488385183805
78.1996531377795
159.62479850790774
294.3012909187953
81.70398699705734
34.09463149217454
82.12834251719282
166.98764404983186
23.339625320962938
27.14332045317939
224.24340097003147
109.4568727475318
131.89877231582187
60.13317144915522
70.54841100237329
39.63050565380043
193.54667332853947
102.90046762497539
88.04645522618166
298.31633334434713
58.992201814847704
86.37674055750765
73.73559195385069
219.03371616490324
52.70760886945697
297.4353060423353
150.10491610817743
176.06536275125208
29.660419247452165
136.340633858243
295.27375834608364
29.144312127594528
300.0866149348151
218.01970555080493
275.9879905943363
47.6672805218417
65.73780964647045
167.66797859694677
24.408993550892294
240.3148153848736
91.31032134270734
295.8327460584875
132.60587191368393
94.24589431142338
181.06038044302463
78.58726006655452
151.50468383915313
193.79650529140488
270.2978343052746
208.62386578431227
25.51174805427372
42.042975348968056
218.51352428967363
173.0668496058512
131.57096997625763
217.1415430836204
54.20731944323642
166.02935926956803
33.94801291905654
111.68333839254404
239.78172243043534
293.52142311160793
77.9254843997058
297.6642271700966
200.65314256738017
57.26968133786941
257.32878896792
251.8389656918734
97.91165914861503
56.587684872322384
120.6325745567239
81.4927917832735
78.99748269287991
91.69252137497509
86.33170436779594
80.13309278875619
227.93447541269543
131.87233217499278
270.1552826325515
170.91539618007883
31.837814912586772
292.66462797549354
296.6055990184879
89.71791792419558
95.67240603702204
95.64052654742824
295.1921150372286
210.50206795581423
295.8185393200879
49.257093027176936
102.281993474019
124.91348159814437
21.44655280094035
292.7943141192228
163.20861348797982
23.383668393186603
149.04882950774157
121.06534465382437
34.10176104475434
67.96184394651033
34.08605600185193
88.71822045083346
24.009124915793535
295.3448120564637
61.309249386748284
114.69374395154662
294.21581252278963
19.964260979671028
165.93467160640395
82.74410990698824
26.467150157922255
135.63777225548642
167.27370555466624
122.13605729128986
51.03059220869217
44.036400323304626
292.8340245172929
64.75122308929323
168.01002115078313
289.041635818553
102.62872389369957
127.1986821713883
67.12406312217776
86.03702291373097
19.041739528829236
129.96896068736424
99.28354948585367
86.01396131322096
85.83934728267597
248.45759122140086
238.94478748861067
83.77919134993977
89.59110802233972
139.99861401638003
97.33977361017965
201.26865695408065
33.54214704236822
62.60794813485817
152.40565792024373
53.555482459977895
88.25841975338199
106.61040118188767
179.81414814160374
250.14969186970345
136.78492914016428
167.30041142831928
256.1231320225997
95.87092547447357
71.36335158505233
29.628890759040285
146.7033524613212
228.54292019635758
290.31118860927137
28.971548748961347
110.01373227138689
174.17915161196396
6.017250917417306
5.170366394347197
294.5019305284296
296.7701932680075
23.626971739433706
287.7840569580828
290.74691348619973
99.64066289915522
154.49588813594542
90.42978848248408
140.46473654794806
210.2342651491986
96.42296050651174
88.00279196006065
106.65600853001277
130.1301675088121
33.90907967950962
31.593173407386367
292.66642152066896
226.90415681031212
59.612530293557164
114.6044743235018
85.42268850064656
141.3876935886499
288.7914468351847
106.8691834804608
197.67575586452358
160.654178644838
184.65640338865376
34.67870327687574
86.06466485464385
48.460499403921894
258.88357063930107
29.55773363020395
133.7683025079271
292.96731033244
284.4445190520989
52.54109714985891
94.38318065127923
53.59541672134372
18.426279266819357
291.1736066552219
13.981872048256301
257.4134613147481
57.809564655169844
145.39557356345713
53.76417698958141
70.1680748148039
294.4821648086371
293.93378780843153
149.7499353893956
296.53307482602935
90.25290488719011
294.32510012845086
101.64977836261134
147.37620441880028
293.49627757929375
40.235291212523364
295.54075769276267
269.65397794393556
88.46487916455666
195.18072018588194
25.964282105042905
155.75490599394976
35.00451276620849
290.9851213645546
192.59687904684228
140.55055128671788
62.93629174465498
66.85277600581136
225.9427671726724
87.4935823070848
294.25092405471895
76.57587759062585
272.1729973192915
299.5526956935998
189.04192798994404
142.90877987200898
159.65894276332213
142.54154115530102
90.96029609196387
133.01552841203292
117.73626631612268
155.63146448312327
197.65283368983106
30.414341708452124
298.8930769718437
297.3023462274498
58.70380445515304
293.86513239327746
265.2909930390646
158.0098044608515
55.54182981952093
37.437554580444484
228.3237421011789
68.4070943196335
149.67965898027165
224.44030214349235
170.52237355542508
145.20285822182598
126.44955716878549
119.20294981955988
111.88924456424395
294.555748676506
50.96998240217006
110.69071640242444
92.74540323679146
104.33466266879441
297.605874661775
85.1306079252294
53.85031734436505
108.18646105095368
32.229326495050756
244.2861035461674
61.38800537130612
248.84706719553833
58.10755410806461
130.3999251089773
80.19540256118647
23.645417458674558
56.17575887274498
107.52009400041203
35.490729226387415
295.2642933907202
235.12517683580458
126.6626953377295
52.666381114689
227.46936843006773
243.5742903480548
139.17788907898031
141.7580868660732
89.76514347834697
62.866879285459085
259.9609915407244
246.93483604653963
89.7076855607101
166.85705296832813
101.94548427784687
293.0519491375696
118.26329448545162
165.8203401609668
253.0564280405787
10.038385699543479
256.33314108847287
95.25994794644541
138.46319498605905
27.077762302157776
56.022221590133356
295.93053420930204
127.51347161473875
34.593070712282014
29.886269636950143
93.81952778153313
233.71902754941274
292.6649857459123
