-13.122671088079771
-0.33544730553481716
5.608131104838358
6.66726635215086
4.670862760194867
4.529076274666187
2.605218098416575
-16.862555987184013
5.54144321482521
-24.135874068337866
-17.241599426827715
-16.419548708135878
-18.779459695004544
-4.878377034038923
-4.600524307087064
-4.961033373128624
-3.1832488340083502
-5.116375025653591
-4.840704456459109
-3.168165164924537
-5.414427191643668
-3.127951526908826
-5.096910664226859
-3.0768251771386708
-5.244043200483549
-3.2126164763644334
-3.123087105422591
-5.108645251007129
-5.210311418646325
-5.2666481004729855
-3.3201629527794805
-4.835087104974316
-3.3605906470101323
-3.306951511845615
-3.9160213873088345
-4.855712679252029
-5.461858930622537
-5.454657312727844
-2.9706216623379564
-5.105428287500515
-5.437565617207435
-3.9335334657430643
-4.078070571933563
-4.444428549189123
-4.931005522118259
-4.541621813453734
-3.0394804537581916
-5.327254190770913
-5.087667685413734
-5.121106004690131
-3.0885276591976463
-4.701648798933872
-3.0682361483139333
-5.424262145135554
-2.9196839681509883
-5.243714588189497
-4.496811438813806
-5.201163189881174
-5.272620295759291
-5.389646009265133
-4.95385590414082
-4.989684276357293
-5.018870927211521
-2.695925557083137
-4.912728618562224
-5.113580103139702
-3.042952232977375
-4.9136964179749265
-5.235104137636097
-5.015249640999362
-3.120678197640926
-5.137899680287268
-5.074567947323124
-5.327109109036
-8.646782846129192
-5.304214672646798
-4.821633116390558
-5.172314751039574
-5.072723757432771
-5.1113854894178585
-5.1646397739375605
-4.959956035561237
-3.054098492760212
-5.194258911929403
-5.061098679224651
-5.104310464525596
-5.058390429283183
-5.277517236684138
-5.434942705258728
-5.114921411050484
-4.901867801837625
-2.8996027962646114
-3.158002264749881
-3.8839704222890243
-5.2363587167430685
-5.248540924683215
-5.456142245212575
-4.93513944870606
-3.022595990166691
-3.0651944102204105
-4.790780301079776
-5.152426808217542
-4.554027332473547
-2.8822014262322333
-5.183949435444548
-4.939752886166172
-3.172686177261796
-5.080305307500066
-3.023094400995103
-5.213240443235885
-5.430401089855157
-5.112752096564199
-5.095646151632696
-5.073641933217027
-3.2413593417902784
-4.570603646629181
-5.3002564548992925
-5.066592480996623
-5.299703010482093
-3.0347234999692647
-4.227403456065182
-4.925436219160755
-3.152537828426186
-5.330224873831495
-4.737973623578744
-3.0560638714289947
-8.599525980906561
-5.264022746354339
-5.202687476621942
-2.9912855668080374
-3.0726665952118752
-5.196590016524
-4.728552638323977
-5.139993621072419
-3.0543239653625824
-3.0493448915053163
-5.312899796493974
-5.126023528532434
-4.951335458618898
-5.352820602553583
-5.112450786215563
-5.067677250241864
-5.237250351775441
-4.1784010928291835
-5.153096200339496
-5.086439304421348
-5.010731373056767
-3.1623292540659493
-3.0175136035736645
-4.6833302011446385
-5.0454145817079885
-3.024514949526638
-5.03930802768531
-4.483051452850923
-5.061875327873353
-3.9736625388283286
-5.121697221788887
-4.5148928129766155
-5.046189749969789
-5.103594751909377
-5.235252434688314
-5.27257956853509
-5.34855022848584
-4.955943863998479
-5.298039241888251
-5.285167439995956
-3.174217181940254
-4.934155884609867
-3.18154184614122
-3.0111624369627497
-5.30825192536041
-4.940517959227169
-5.067470634189126
-5.244880847604327
-3.95755818429403
-5.1327252593642765
-4.8558512523447455
-4.5090144272695
-3.045394831379254
-3.0041321351950394
-3.239709595490868
-5.338951798503598
-5.130373138741277
-5.0808290798030855
-5.170606710832564
-5.342243369194989
-3.1898630996961153
-3.838392875800531
-4.740096409275509
-5.395280228807907
-3.0301698880717165
-5.465653334879006
-5.139829965065543
-5.160534725253784
-2.968420781352868
-5.349431382252526
-5.214402325270075
-5.335746241729707
-3.1655270425633826
-4.854477775975441
-5.433477836967138
-5.370357752688229
-2.9478876278623947
-5.010787508727979
-3.0901745816686526
-5.31758984127206
-2.975376885962364
-5.062342455745984
-4.626082961856698
-3.047738040482625
-5.292831711094829
-3.1564364309323363
-3.046652329271037
-3.7290973134196057
-5.263392797906571
-5.516368529381233
-3.319888765436284
-3.0244963275877126
-2.984492484346654
-4.870189118257412
-5.089346617897352
-5.062089999318125
-5.044957521244263
-3.9723986888031178
-3.0615779054469128
-8.785719848987334
-5.1226768908984965
-5.168591069093596
-3.163714569852378
-5.035084336635347
-3.142636871783685
-3.0612059177240947
-4.891758769360061
-5.159600628752881
-5.093124037279439
-5.283798682147015
-5.0827680954368155
-3.0794125295976773
-4.776019894460219
-5.184050539908931
-5.456766401694465
-5.497502123402433
-3.1707336503633625
-3.773628727897378
-4.9884115192505245
-3.1495938801982786
-5.452812958310044
-5.378806768534708
-4.604771947112553
-3.0236056393484283
-5.217288782109817
-5.382325850865494
-4.2254155052087
-5.49263540728266
-4.988495792376499
-5.214845473432296
-5.220003539193425
-5.1845722140353185
-3.0382786297487705
-5.505707830471918
-4.578007220447066
-5.303695972825089
-3.089201999592285
-5.3381077944543245
-5.219836409191294
-5.042572889831535
-5.122048316051567
-2.947601123558976
-5.089933541622632
-2.9723867858896673
-5.257974078581354
-5.10463943085385
-3.0699360055103906
-5.110166786656406
-5.413284539845464
-2.899191034874565
-5.088312336915487
-8.912819081755977
-2.9302047275298566
-5.163462697735061
-4.7863875177173565
-5.102722253837315
-5.1266461329273865
-5.2229136775968
-5.204427301668875
-5.046916388278826
-5.378055943417059
-3.08165753573738
-3.012119978460172
-5.05595713884011
-3.1416230660869418
-5.191359838960694
-5.071410233900574
-5.154680724372464
-3.177979538543768
-4.939188971891383
-5.142549965236339
-3.1935857896512987
-5.03321035395873
-3.0290592847249176
-4.747175641116378
-5.186857042102766
-3.0527621606035793
-4.853083953748147
-5.251104109795767
-5.148370364455509
-5.233673947366583
-5.163051308777185
-3.069459672725446
-4.931457471204919
-5.530412391766288
-4.98221755346656
-5.028884023359045
-3.2739286232236773
-3.1197294891718776
-5.007010929541667
-4.762070110835753
-5.144623421535513
-3.918948679388813
-3.2145179932378247
-4.64483092328782
-3.23851760355445
-5.148308333894239
-5.320030178681017
-5.310020949135221
-5.291800932088866
-4.473228633242352
-3.715657321508353
-3.038337767502294
-5.074105929280945
-2.8881603255458175
-5.238871516355624
-5.374499633147073
-3.2584343720730407
-5.066100498550884
-3.047702351011336
-5.125960137228788
-5.174666212518391
-5.383835448163249
-3.040007462748634
-5.014868433284886
-5.36515030326446
-3.0592430738943297
-3.1407374370067087
-3.0512220307911413
-5.298288807381566
-5.095285905823112
-5.0105882550484235
-3.809581452593207
-3.041740834032494
-4.943426253597561
-3.0416223250192895
-4.8858281411081546
-4.843087847992779
-2.9142310542172423
-5.279965166684237
-5.38881754329552
-5.1101614861506945
-3.69164090236649
-5.072388435624542
-5.134350996561974
-5.018825678218155
-5.467926132531839
-5.499311874962725
-3.04663327248643
-3.1509723206317695
-3.1546075966774194
-5.424182084529356
-5.2295975209480785
-5.285709426620357
-3.0557229915807653
-5.434161438787978
-3.289739143772051
-5.018574162971854
-5.498182959553477
-4.9199768277201805
-5.294117456816764
-5.483163440863289
-4.995148154176773
-3.8940183345985897
-3.0179969534967097
-5.197923953686531
-3.809876690103362
-5.17680703329792
-5.146252903480084
-5.357123848139622
-3.0480565891141675
-5.11758158203463
-3.1384428125377757
-4.97708401230847
-3.6915187863775842
-5.117567213008179
-5.13427383641464
-3.0277000057852543
-5.185171987564613
-5.197373677063112
-5.408576761111623
-5.320963345377394
-5.097686573762448
-4.881941427124665
-5.165182428897044
-3.0337479459811005
-3.0444844418863446
-5.424565054116153
-5.4091760675857445
-4.554047559466833
-9.085767542221898
-3.0477245963768405
-5.30420102633474
-3.054038218988105
-3.1165375347565853
-3.7972380585670495
-3.91056852417315
-5.103674585380284
-3.039616259564958
-3.070869185797869
-4.599312056485564
-2.9172496336077653
-5.149094328672935
-2.923996135183301
-5.217160731831568
-4.190405114556355
-3.053427844141302
-4.909947722649203
-3.0607204294552433
-5.120365371285005
-3.1692080270083
-3.0364861044852667
-5.14870816456154
-5.1954277286989
-5.263153601005053
-4.753412268007794
-5.172020789085581
-3.0904332360147206
-5.103714559084422
-3.0465859453044835
-5.132703733670838
-3.1613881188339263
-5.147901410932343
-5.330088883418591
-4.985524513274433
-3.173079604397219
-5.487031643128023
-5.2973765562133215
-4.967259738505505
-5.392824715288356
-5.105716423244525
-5.364815561148026
-5.007738378379494
-3.0319961796353283
-5.323499444469187
-3.889395306589703
-4.705512091061722
-3.1534769352599974
-3.020266259023919
-4.86790123824837
-5.024871611471598
-5.098439680771905
-4.527289048189919
-5.204728770016383
-3.1584887359694864
-5.173338244627545
-4.496851495395104
-4.108352490091076
-3.1294734628883516
-5.158460979264856
-5.039007051014654
-4.908398464076221
-5.074434185180192
-3.0193156842490034
-3.3691941067048647
-5.172345084603254
-5.559996600032475
-4.995969051220144
-3.070563128941382
-5.398712033961595
-5.362382997823881
-4.913266850947094
-4.846429917428024
-5.596483677428214
-5.42662102308435
-3.2857962072187408
-3.0664455916260676
-5.152200931188963
-5.426275158405928
-3.0425196864139292
-5.157264543087533
-5.209048182457685
-5.332366792298857
-4.649174269949396
-3.1667108263118795
-5.193997281091289
-4.261621822643403
-5.114861514310668
-3.0051693834190587
-5.12855482653653
-4.746723173965393
-3.03590612882562
-4.852409691819303
-5.427224504816656
-2.916517672656105
-3.042913062557578
-3.0660303372126068
-5.241012971857567
-3.0539171765086546
-5.279053638641411
-5.139133878100046
-4.999113691987468
-4.877010842973369
-2.9604315549638143
-5.093669560411323
-2.9435486464562532
-5.2478059062417595
-5.4396443315303555
-5.37572901795121
-3.8424578993798533
-2.995357321433723
-4.695428560772911
-5.167141121355195
-5.281621798223503
-5.204464655160906
-5.144805756515515
-3.0543539893918976
-5.038895074907074
-4.7887318398846945
-3.0751066768411546
-5.194513037987678
-3.056133793151628
-2.9897419585523535
-4.993798859490705
-9.348365407207359
-3.3525941090310623
-2.985763472938911
-3.030356354615342
-4.7799168161160015
-2.9976720767617215
-5.241396896097813
-5.155518268666544
-5.009350925161815
-3.7463930842261757
-3.8782145058282946
-5.290493676048391
-3.9356946498857206
-3.0329861473329363
-5.335180894868451
-5.211306014142936
-2.9642718926873046
-4.6936861051395535
-4.949633857746301
-5.245891003431751
-5.3623956558089745
-5.480216787641245
-5.405155241165927
-3.0075331115884096
-3.7554310786488196
-5.193144113168119
-5.067200753948964
-2.678100006047635
-5.402812389466289
-4.631073617583761
-5.293239961133025
-5.195047591870651
-3.010279779006419
-4.852104765005407
-3.043409025567897
-5.094721137242393
-2.9465105800305786
-8.767691439092161
-4.726451517507433
-5.12849156768123
-4.883433942456421
-5.441973208344853
-5.124632616076623
-3.1499705218231893
-5.20506598641413
-3.033966777571787
-5.008428405869135
-3.0701791650199635
-5.385381596866996
-5.258403296556948
-5.080859612315899
-5.089940915847819
-3.0540855408695835
-4.767565116807819
-3.191469342937693
-4.595688147482149
-5.268947999397915
-5.083851232113319
-3.1658009734942287
-5.07447559005519
-4.629868880278741
-3.092329879334814
-5.138819715589904
-5.140656594555826
-4.617138941206656
-5.342211933293692
-5.229897153108695
-5.195470627255117
-5.169622158196441
-5.159976235851642
-5.17051067632188
-4.985081697547189
-5.218165225336332
-5.245575302523253
-4.26264954574344
-3.035227480794617
-5.044544609754657
-3.052869845921174
-5.106297988393034
-4.973985604039087
-4.864499510735275
-5.321536235218246
-5.306643761080378
-3.038783281058691
-5.051459438743071
-5.334310004770758
-5.191892682739218
-5.029321778545153
-5.045738571587328
-3.6008308864335246
-5.200362048815933
-3.1745804132806765
-5.356646631712719
-5.404612301675601
-3.0654319003311326
-5.197557928413771
-5.216341562390328
-4.2108097446039325
-4.977290580112484
-5.227906729929148
-5.476529676028842
-5.1511463613156225
-3.1799109594058246
-5.392889167322462
-2.9492285767179007
-5.007636129361884
-5.2208336299459175
-5.422206867251545
-5.108587208646663
-3.1485995279724417
-5.1560344172200825
-5.362958331570649
-5.318676049155496
-5.28584460705705
-4.962454493751751
-5.024825132975352
-5.418990336384628
-5.141945604170985
-4.942996778588124
-3.0774585205887752
-5.202155237955973
-5.313934920563669
-5.1610224216170595
-2.934966141462948
-4.642581126269576
-5.146135122361285
-5.090172832508881
-3.0975924439691016
-4.842215816940489
-3.0018603093332286
-5.362495845793442
-3.023122411654022
-5.163634191972516
-4.871193731846906
-2.958688895516719
-5.384787030983094
-5.226336564031747
-5.134533157355459
-5.222785613567259
-8.999588416215659
-5.135318604153273
-5.19995504951912
-3.909946242072928
-5.304671534327791
-4.9799180722627785
-5.175156916700304
-5.13426101904611
-4.972073291399826
-5.039221508204941
-3.0687674575417008
-2.9911100480984882
-5.293308238490799
-5.102502116434895
-5.251335787954431
-4.171833015901967
-4.809899470221252
-4.135326922649519
-5.128097892727703
-3.04204641702088
-3.0566515560944896
-9.33722103235933
-5.064020945766942
-3.16319474469684
-4.90690842510822
-2.94807739963631
-3.0668170052586747
-4.890048896341895
-5.364803004983191
-5.342708055999748
-5.076947096611683
-9.329880176153653
-5.091028206044808
-3.140027550450837
-2.954308418420452
-5.159478304636975
-5.343420186488575
-5.27702295615835
-5.115760254356389
-5.17336253818373
-5.070657902803892
-5.214689429045972
-3.8637470884937812
-4.917550959513837
-4.960817909803241
-5.422145113819595
-5.489451699146378
-4.983696433532984
-5.131777348078788
-5.201811009261138
-5.263281214650103
-5.820891875709096
-3.032861288250733
-5.2001227815796955
-4.282185660023863
-5.278288896525898
-4.508146736768387
-2.995234476139769
-5.175450738806894
-5.328296997339153
-4.970817152302093
-3.066386348025874
-3.0568588486164807
-3.0389057424416164
-2.9517016784617054
-5.283426628519476
-5.081493115743622
-3.0150666042206216
-3.7932753312196557
-5.028290313452483
-5.355689960589631
-4.8445667344611145
-5.172675799162437
-2.9535256529282763
-5.069306298353405
-4.974370776389422
-3.53430602302899
-3.0568646888180337
-5.282583554648487
-4.992196021132793
-5.055361833396055
-3.848759081913158
-3.81822083133273
-3.0839798321351415
-5.327140356726329
-4.876384758163862
-5.292663263214135
-2.853197653036565
-3.793550879304612
-5.153520009028416
-5.318425267343723
-5.187141899111996
-5.041559760831295
-2.9979664141678555
-4.933297829565284
-5.378976498881978
-3.0441985824877995
-5.361666336053364
-3.05329207861051
-5.206106988233206
-4.8651024023555225
-5.027266599170865
-4.6870669185475755
-3.024387442075335
-4.750837526834882
-5.060129616754133
-4.971033059460422
-5.268072244650376
-3.0464706260251484
-8.708648930565142
-5.2534575163175665
-5.2508554035934285
-4.9269119199452325
-5.210676550058027
-5.011101922133938
-4.560587688704952
-5.264154992812005
-3.357808801590778
-5.260804734688871
-4.8874552345071
-3.7501004004018985
-4.9834970119552064
-4.998705552266292
-4.834490264601382
-3.038310189240922
-5.4225950600113695
-5.157463964060571
-5.078072146597007
-5.213485627094904
-5.144109662414218
-3.0916322047356526
-5.3350067857081696
-5.170747052628547
-9.431572916564225
-3.012164314752445
-5.214230352607865
-5.2328774362249915
-4.922032429091633
-3.0650284567239354
-5.106055610153821
-4.467880481121444
-3.183692600085091
-4.87098059280527
-3.1522491935845456
-5.151644227679823
-5.2966667179099
-8.35768025249429
-5.363756632635369
-5.122296968006839
-5.3184390142485505
-3.1610922226104887
-5.027124608265854
-4.767758557204157
-5.223492342016968
-5.125376492218423
-5.064874026661125
-5.178338532704239
-5.02723982155261
-4.834362839737908
-5.22880211479279
-5.419765631013861
-3.077245369431253
-3.1030011469138152
-3.9385030345798824
-4.995048297963414
-3.1540217042397716
-3.0501698353830715
-5.1104188089265215
-5.08253825099332
-5.452455875600377
-5.142318414242938
-2.9077295521168676
-4.945819710292543
-3.0658684156586737
-5.132345436782267
-5.193459149109819
-4.0504828909250605
-3.8596555768654985
-3.053261742015679
-2.9663423500744033
-5.268112671910477
-5.287155866637204
-5.35912618955411
-5.170798148080085
-4.813736392104376
-5.417418828984722
-4.905212869758411
-3.8005427450606004
-2.952524055409556
-5.426249289669097
-4.020162936531632
-4.819998408325642
-5.247233155996852
-5.336399852182719
-2.984189054073144
-3.1410507608124383
-3.0935363686873285
-3.0286237897401085
-2.9577876509819188
-4.738085586558405
-5.273681325650461
-5.179396314784882
-4.828233719581116
-3.812378955711299
-3.0481105575977536
-3.094501151130222
-5.094362870898099
-5.216407948967692
-3.413423530401662
-3.0529544666384654
-5.04526038772799
-5.307585570411139
-5.085532092262062
-5.159759593758731
-3.1869187012221674
-5.11843801086955
-5.395991604390863
-5.1790924210995435
-4.861762998787687
-5.313668726366634
-4.777853230383869
-3.033108337062101
-5.065697847528384
-5.317535515392195
-4.927491535723831
-5.212532511632888
-4.968501130652932
-3.018834322812036
-4.9648907668994156
-5.45937424733055
-5.249161859949429
-3.017878303956241
-4.503892867599307
-3.0247351187809075
-4.97464661216239
-4.466766699091845
-3.690672929059093
-5.2383390630719555
-2.943757970314473
-5.04306505364863
-3.0236081875866874
-4.956051912419502
-4.878608155875783
-5.134713395153485
-5.163419755506023
-4.817060614576567
-5.091277899993582
-3.206171683202808
-4.20977860261748
-3.0495140632533815
-5.51118488398629
-5.161630902774632
-5.164503187399979
-5.338264095522463
-4.764866672441986
-3.0561915087414304
-4.698710189479092
-5.2395490327284975
-5.452699104345718
-5.44417691001731
-4.782783547253658
-5.155978106038647
-3.0167276660191527
-5.041604330987977
-5.217699480283389
-3.1873119682086006
-2.9341462457329035
-5.077396223781631
-5.107185872714966
-5.1076543344135095
-5.520273418864854
-2.947688825496786
-3.0510012937542053
-5.487910289034248
-3.114968432306625
-5.169851557910444
-4.973532604450984
-5.318083089261007
-3.0266466794429947
-4.704776170607657
-5.048770848377295
-5.389954478603482
-5.118290642685573
-5.136893813254313
-5.203527139417828
-5.400097394366434
-5.201213837475829
-3.1871843453695368
-5.248891312347103
-3.2214180918627715
-4.774721622706078
-5.215330366574849
-3.8291733965060333
-5.076886810717485
-5.044391518622637
-4.5885591660483485
-5.123180621043473
-3.0692020479440703
-5.42501670094083
-4.989151419052234
-5.282759483523045
-5.176102874984351
-5.2999819122913
-5.197378418638061
-5.114394780977938
-3.8131150100498172
-4.963161715693776
-5.0841698841881025
-5.2630956564247615
-5.5012430847845994
-3.0688092802849893
-5.397180863451212
-4.987804330769926
-4.943813120240968
-4.9116968961904455
-4.6194034127729635
-4.872721777971212
-5.015054094370455
-5.509106992712243
-4.801922006634992
-4.2957280505411335
-3.9718493939985806
-5.225481131186087
-4.892602669037879
-3.522127980723358
-5.346671271594241
-5.010102629414447
-5.255623278591781
-5.136161929065981
-5.210911517217134
-5.054432612001891
-5.3783814712104725
-5.227806958670416
-2.950103469698382
-5.081593954024837
-5.245409786238026
-4.63396471874913
-3.0783015036508443
-5.077375679848093
-5.274566605517022
-2.983683371576793
-5.067078044446804
-5.120963457924004
-4.866915912865354
-4.9302192901882
-5.156612901436166
-3.39323608467914
-3.0887198434496934
-3.0474766233538606
-5.11459883336288
-5.38183983682096
-3.0858268688215578
-3.1198194641415036
-5.063237035930155
-5.0223891284459565
-4.514835708523169
-4.770341213740407
-3.0133789373549287
-5.890799353638045
-3.0764575756496466
-3.0668890339974317
-5.1462413645889615
-4.6648713761214164
-3.822498141107458
-3.128754855231692
-4.876014291350421
-4.645541234354796
-5.270755123077583
-5.115835102129106
-5.308891044311848
-3.0638221015067173
-3.0452800953773185
-3.1719667908741798
-5.368080857290578
-3.058814279438928
-5.318148704894505
-2.978488630338882
-3.2370057152428964
-5.011662127486743
-3.592635590069617
-3.1563692300984005
-5.1996944929982245
-3.0843152507189666
-4.518138719053317
-5.009942364972081
-5.14335184311308
-4.921191909901182
-4.993782720352837
-2.8928329562786965
-5.084142554181938
-5.199967666784921
-5.037871949194
-5.364257107278955
-5.127474014891309
-5.308778018719829
-3.046848357738927
-3.192742235194892
-5.131597685824458
-3.272104449425512
-3.192345169985049
-5.359174686833601
-5.043077435892697
-3.1629304843209685
-5.096955646639691
-4.68134467551795
-6.0633299908414475
-4.791275202387322
-5.163284892071657
-5.112303452970457
-5.166394114480663
-5.303471864297992
-5.145427875181663
-4.255873095413048
-5.396693586281188
-4.929123730742061
-5.380159549853455
-5.069021154455221
-3.0135752884590374
-3.025770018947624
-5.171522124361248
-4.458806219145655
-5.17063509517163
-4.714850253753365
-3.062721344646066
-3.044665811947856
-4.7915786666615565
-5.0380391704831275
-4.913837179250393
-5.336736333968119
-5.1877658883122155
-5.341898693821708
-5.132049915406854
-4.981234715525684
-5.4552328027281956
-3.041171925105777
-4.586422698317717
-5.190492969688656
-5.378677098122735
-3.0653795349126054
-5.128392597736176
-5.416276288083447
-2.667129198096692
-3.0079120440750082
-3.1294137272406375
-5.109606495550525
-5.259511210948854
-5.0681584533496435
-5.150891291848074
-5.348060243629538
-3.207384630472087
-5.389746096995975
-5.49359285970777
-3.066318565354992
-4.492641216456269
-5.149850931871682
-4.208929358286785
-5.179125848999869
-5.08152800670825
-5.100063757442559
-3.0462652079698964
-5.20050035440363
-4.673095660246293
-3.0748683808011292
-5.426415478010356
-5.207422918181868
-5.402396004791686
-4.071945040661841
-5.462882714852068
-4.8781786765450015
-5.1815282893683765
-9.239754716434826
-5.092916759548709
-5.4884393610817686
-3.063238629479584
-3.066798683231074
-3.1634768243394804
-4.913440726175282
-3.942189605776843
-3.0598762718010692
-5.048530067312841
-5.199844070275005
-3.048636309718092
-4.900125933598727
-5.17581682100147
-4.8642502170223745
-3.0533185744651896
-2.8814322817629847
-5.183138500817121
-4.151188941138485
-5.166203626915813
-2.991369820479922
-5.315130997358514
-4.913536590601627
-4.462392654250685
-2.9927593300379804
-5.049844252382095
-4.971656910331298
-5.243195155628025
-5.246309475685784
-5.330766893837604
-2.9852032970258335
-4.635414146581667
-3.0370006070273643
-5.1253087646812245
-5.0655638327381265
-5.0953174824851235
-5.0897917226838585
-5.014179837395124
-3.0793325696066014
-5.0733695352760435
-5.3407219602192475
-5.427826912010088
-5.128914709158241
-5.161041333040222
-2.9447216237212235
-3.9711480541980495
-3.0093433400901635
-5.232098460126669
-3.775756281243637
-2.9417913847155877
-5.0854793362462285
-5.091464405942709
-3.0879198580943052
-5.433287482806799
-2.973080329738556
-4.952186539587255
-3.956942203139888
-4.841960021280995
-5.206084757182746
-5.0558583573127756
-5.124108609322458
-2.967827204728499
-2.9522771900283766
-4.987757346281164
-5.088656795040395
-3.951761618644618
-5.274821613562607
-5.0325934265200045
-3.0985958579797295
-2.9645357996219173
-5.230834655448796
-5.011431121310218
-4.757513860296459
-5.18193471514744
-5.360746263088039
-3.170611651647836
-5.222516021069137
-5.331136350296438
-5.182677883926783
-2.677417577420674
-5.103104684308793
-5.229022441335645
-5.166720989846313
-5.160243353840585
-3.02665006099455
-4.907529950235039
-5.292716435586414
-5.263035640167694
-3.6969742929718143
-5.315436824678753
-5.111414756170785
-3.8951232288454967
-3.682252269716941
-4.498662139400841
-5.39314949999067
-4.848318218854571
-3.0497205952939885
-5.038590341525771
-5.133040753956883
-3.204827038503566
-4.89370362957257
-5.397132934931666
-4.520152957998216
-3.09204177998503
-3.0848052998346613
-5.012331900518389
-2.974885283126187
-4.580167515456676
-4.999673843165862
-5.086861674997954
-5.021108209138115
-4.870017129453522
-2.8445982069205495
-4.579345581386238
-4.6264467209260935
-3.0634576591545084
-3.0961931418180475
-4.3087593123229855
-5.224572808322187
-5.321577266566454
-5.127766588926315
-5.370441895099358
-4.560640622653685
-5.067061071453616
-5.27732072592713
-5.460725626473004
-5.2289669177339775
-2.9524476356344933
-4.942466676685337
-3.108084740934271
-2.9229836257460198
-3.2020150016490367
-4.965063707094638
-5.263245036191621
-5.133188195846972
-3.04662266657998
-4.972910133432598
-4.703453047043958
-4.99540822335395
-3.2555070571520655
-4.825114435606326
-5.171706855985649
-5.190015395443266
-3.0572294735281424
-5.425248639070122
-5.3476114595197135
-5.1924681323493544
-5.407267210228365
-4.948447887501987
-4.428717870178942
-4.759655721912161
-3.105209526930005
-5.265055042728161
-5.204220349127429
-4.466885102776189
-2.949237232046203
-3.152603746118024
-5.046789418599258
-5.165642319780463
-5.147250952469804
-5.500143662499883
-5.049966688007737
-3.7778556915440933
-4.571292447569471
-4.425286245542887
-4.56124707586132
-4.55341559603686
-5.358831065047533
-4.98336082259938
-4.6571185475072525
-3.0906492127925156
-3.0723518101349474
-3.3283959886617955
-5.182897314586366
-5.131465748873848
-5.085057764076314
-5.383515018535156
-5.030290030226114
-5.221078713585313
-5.332386339261503
-3.1796898288074877
-5.404512067180745
-2.954785357790068
-5.371807050970075
-5.189421775470797
-5.494297257141524
-3.0499227549048737
-3.161427225811408
-3.154668887126573
-3.178268054661033
-3.0569078331148893
-5.185472276039421
-5.131753749689089
-4.959575907181952
-5.098116587728881
-3.186085275566825
-4.941561487801996
-3.1809468053163323
-5.478536851420999
-3.0346266795943166
-4.64892473665004
-2.9388747368082404
-3.0171856322636237
-5.412466341454537
-5.3082871519203
-5.159807708103831
-5.464055187338961
-5.1590370723617625
-5.177652096627282
-5.13875370837003
-5.133309790880732
-5.35479123103929
-5.037196100752181
-5.198180455289777
-3.0176195713238148
-5.279941959932443
-4.938783479647093
-5.531227510976914
-3.131216979673755
-5.168932068210098
-5.264189817605543
-5.073390224323302
-5.185850031152369
-3.1922034813289875
-5.027751439725981
-5.010619983812173
-4.223477192268394
-4.879966227466241
-5.442200187597427
-5.418884435351935
-3.018067710896955
-5.243864451590928
-5.202179030474277
-4.9419547185289385
-3.1615283034667363
-5.02562743721468
-3.071477055147912
-5.227114691227057
-5.3644234176588546
-5.137607096528012
-3.9903841862684755
-5.163333665047467
-5.061744820869839
-3.0423427949380137
-3.15001515869734
-5.257269454547518
-5.340104314584284
-3.3152013984272855
-3.0152255367375895
-3.88445929502634
-3.0504316444229342
-5.489954549279682
-4.6349609320114045
-3.0805646270234144
-5.179135817173245
-5.1029913385622185
-5.458810274991519
-5.148010276447982
-5.0738837833317625
-4.780589006441335
-2.9584017308993857
-5.101841076488299
-5.087795677868651
-5.113330746658147
-2.9553415529225022
-4.9795510435694235
-3.906897182640312
-5.093810852539418
-5.103384025630855
-5.033922811114536
-5.040014523870003
-2.978302409477532
-5.103841018220411
-5.3909654678044205
-5.506607766074443
-3.064954925555735
-4.868240535751608
-4.766725723930321
-5.058378030638515
-4.986406412795185
-5.190593898601208
-5.596921219213559
-5.531712341168271
-5.081642328372228
-5.260395753895863
-4.995184984850388
-5.0999547213496
-5.331470558630302
-5.136252777666472
-5.007283783779789
-2.906717085250966
-5.182009895995258
-4.823893026215336
-4.933018151720985
-3.0505208004148083
-5.265087454731885
-3.056025093227003
-3.0615464658960705
-5.2292295353567875
-5.246826277729124
-3.026597770447533
-5.04235782023271
-3.007065129861855
-3.727493821678684
-5.0051029328070555
-3.2445254324494566
-4.847622083436699
-3.0464663990649066
-4.754833742696792
-5.374591049751892
-5.434334987468394
-5.097326335048921
-5.2311230186037765
-5.4857795148628465
-5.424589419993886
-4.81047222849789
-5.436463808685544
-5.013420027112593
-5.238804220852133
-4.987690370781973
-5.008834197249269
-4.717167921684682
-5.265414370597035
-2.947802532050759
-3.1976503156162805
-5.235319858276592
-3.088492679284886
-5.0034372255168895
-3.7602932257223896
-4.78680472832173
-5.191803433202829
-5.203212523665904
-5.083812141116086
-5.159161135980859
-5.245020523253205
-3.0928255518823864
-5.167172996295616
-5.0835427948571725
-5.3624580700844575
-4.886610084964586
-3.0779911531992266
-3.024451074524474
-4.828907472528518
-5.340496668700129
-5.46205259486164
-5.518157691136003
-5.236401839020354
-3.0694578391729523
-5.344405131924272
-3.773881465880822
-3.0622573002564417
-3.0346972062221442
-3.0589641850820444
-5.257364670897523
-3.4275066255088893
-3.0469647294195963
-3.903269595659652
-3.878980285969253
-3.0761892818622307
-3.112465486001222
-5.215215531891214
-4.65403681620024
-5.10614600654195
-5.159868694930029
-5.216912942654141
-8.596775260506197
-5.281528384463862
-5.158102019771315
-3.1817000557227666
-5.01117098511383
-5.092092650845027
-5.446123235420015
-5.131634099759781
-3.003929749154796
-5.427110503635683
-3.010043405112498
-5.3483427491864814
-2.973215085118387
-3.117942618049681
-2.9439445519869523
-5.024169960508747
-4.896908356839793
-3.0467233946857344
-2.898490912249312
-3.2032746566776185
-4.61306646905343
-5.579681364788365
-4.429201101921501
-5.296883717035874
-5.185853224483629
-4.700796351432182
-5.086825734196856
-5.335968107746915
-5.160603208076831
-4.706518132142102
-4.762494924794883
-4.771599882192288
-5.06435897092459
-3.2475356981977814
-5.01065314917763
-4.129628893500817
-3.087147621886184
-5.188460431019466
-4.610996237104759
-5.328956541882827
-5.199020108400535
-4.763733300963416
-5.448921275358026
-3.7306216956991722
-3.13576100793729
-5.209113461929685
-4.897778344250598
-3.0571273968697867
-5.302158723702656
-3.8873409732139383
-3.0546777645150835
-3.024031130343675
-5.472952364216868
-5.02453688306734
-5.1721972184324025
-3.0381239640073225
-9.217867470003664
-5.11545750031558
-5.407768265611187
-5.151977104247235
-3.0162776441058785
-5.290256276972594
-4.886329476033646
-5.212159186887247
-5.410061524319772
-3.2439189939120148
-4.553844248046479
-5.326185004948329
-5.266709855567666
-5.147186486788093
-5.196696338445577
-4.8747057203874
-4.943242530937619
-4.265977943941951
-5.447556186802686
-3.0640031005733945
-3.769833023235203
-5.026276958826931
-5.017980647977445
-5.34595872321849
-4.830427616499365
-5.3807817048610485
-3.0819995646302925
-3.1264438709001987
-4.823954206686467
-5.064065386875223
-3.0766500992259656
-3.037274518291778
-5.164681349288679
-5.3628174180015975
-3.0756556099765007
-3.0583329245168724
-5.208034567498298
-5.183961794301253
-4.788369940235588
-5.294813004206864
-5.043402877223992
-3.0327455351122956
-5.222502752476685
-5.245077252094324
-5.37396970663282
-3.0377595585541166
-5.024148486975578
-4.943013419465474
-3.2026715001718475
-5.185344365706046
-3.8853774410802866
-3.1694710771640175
-4.820412109364446
-3.196813745958731
-5.047243280336263
-3.262566207875807
-5.26068284959594
-4.967449327530961
-3.74432835480136
-2.968449714014308
-5.337362071915221
-4.790170864131301
-5.462167174245542
-4.24647447677764
-3.0810744480850816
-3.083903330806643
-4.737556942486514
-3.0366831518150876
-5.19981458598251
-5.270677798214057
-2.912589982457459
-5.017768382462368
-4.940410738098123
-2.968812986622874
-5.1044782749538635
-3.0759193714590145
-5.159365875398117
-3.8832247201117367
-5.194313338516281
-3.073507873104264
-3.200566957776125
-5.297927828966956
-5.216886915987357
-4.8203256587063255
-4.275094786675647
-4.854659851830453
-4.840108361773193
-4.916976886048918
-3.0661561639638024
-4.6441617818245025
-5.09104423096031
-5.361722200554484
-4.961918527344864
-3.2114001519531024
-5.112842579713098
-5.3297170040812345
-5.090695390336833
-5.2965657069583765
-4.978782574135192
-3.155418567046524
-3.116270642342669
-5.166609355499348
-5.14240279354776
-5.221504273114728
-5.082085554573685
-5.2207762950969245
-3.041255621653671
-3.0795903315047437
-3.1880349153187133
-3.055215127230932
-5.4705381508941455
-4.766534537478659
-8.641070736730473
-5.3426304326243725
-4.965442116144425
-4.233847802715374
-5.4324759096689546
-5.1137683980943045
-3.9386371601354373
-4.972006503654642
-3.1215533003179985
-5.3036883391483425
-3.1214709023752554
-4.8345394200862675
-5.091019896586738
-5.134574934399374
-5.002410777295009
-3.8529086371759607
-5.137076576049131
-3.092403248744086
-3.0217240434226915
-5.084677525836977
-4.44653606757087
-3.189715684569133
-5.446099404756604
-5.082729453368114
-4.867333332745977
-3.076463560278219
-3.0363667637382936
-3.080854190159589
-3.0293850288931274
-5.1222859545877855
-4.747428983032707
-5.121055311827611
-5.165224958276377
-4.582230195352192
-5.5035800624384175
-5.249123715447262
-5.12947943714199
-5.012022697128352
-5.442617704879491
-5.1584892831786195
-5.2400522040544715
-5.560684654213487
-2.929091216010973
-5.1270613415539295
-4.90953332350403
-5.431610960027206
-5.295852146791296
-3.058566925958422
-3.0717544225795788
-5.207788492215798
-4.979267300032081
-3.074153878704336
-5.472289018149801
-5.124761246057847
-5.569438531863195
-5.136781987957039
-5.116150538124145
-4.055603574327506
-4.947702449981746
-3.0716997580708307
-5.316473772581047
-4.741451879834139
-5.16221376675988
-2.9313096949507793
-3.1914097416897604
-5.275220336475103
-4.747524069348348
-5.226539240011324
-3.0159806775295492
-5.215179301785927
-3.1018987100627284
-3.197450698281948
-5.2412550604734545
-5.020230320107816
-3.24525546081923
-3.067237238766007
-3.1997035344739757
-5.472538249383373
-5.360673049286011
-2.903956234165159
-4.776672034678363
-3.8257593739243867
-5.286370781987905
-5.201750526151932
-5.245060895739743
-4.944717217649644
-3.1593727001491922
-3.063991285470005
-4.9461541029357665
-5.172430132883919
-2.9856394881649573
-5.284220707085604
-5.050635319333524
-5.275728931237631
-3.5309676456283765
-2.9669934613431463
-5.456674927806484
-4.95595361404183
-5.205154930155725
-5.094013561720035
-5.487664701373007
-5.419435470848038
-5.451765794881309
-3.161421398145456
-3.04848619432499
-3.037073031462106
-5.2644582953372385
-3.769328435733292
-4.2251738614576535
-5.079435854978239
-2.938117283153036
-5.39052345309283
-5.5020534425104675
-3.0410901323618984
-5.179688936252772
-5.195150318955999
-5.322319258268921
-3.048797702211887
-5.16972463383215
-5.137246505780771
-2.987567133794225
-5.2615036815945055
-4.915011871231103
-3.163008753273015
-5.061866063148399
-5.211942776354657
-3.0390381317846473
-5.411379933171597
-4.528654468104865
-5.42884472340842
-2.950135882697381
-5.122871596027788
-4.995296578930073
-3.014875634475302
-5.161378257709864
-2.8998854973378294
-5.219316893293835
-5.375299741767351
-4.244609410351763
-5.005628806083774
-5.145477227529511
-5.297282094604644
-3.036494408768289
-3.0268516429377104
-3.847189843403177
-5.355702060004076
-5.41116521339491
-5.350486328526715
-4.898885568549235
-5.148532689552136
-4.965167904015008
-5.040607109819232
-3.0365882107472677
-5.004288620982321
-3.0467128263562917
-3.7251705233814802
-4.498269324728598
-4.938634066335236
-4.908013016196586
-3.0223896624793603
-3.022879576758172
-5.140822519767408
-9.331037020045644
-5.370845758333804
-4.609467057492584
-5.0594682184786866
-4.017647026861088
-5.069887099462872
-3.2333377747690952
-4.975419311907757
-3.040422683240847
-4.183833389532443
-5.28122442125343
-5.025041547049456
-5.047177559383214
-5.178410618541138
-5.332669893540441
-5.051895022210352
-4.808296799552936
-5.133386594933766
-5.427672511482611
-3.079526073311768
-5.014011193643016
-5.315448315526044
-3.111166458467644
-5.261403704622138
-4.7015600383201015
-2.8908832842987033
-3.64113993245922
-3.1459314656009267
-3.0730310696406917
-5.256649657224613
-5.075437821174661
-3.0363612776373827
-5.122531182100994
-4.950098691081626
-4.979693749111771
-3.8338940922984284
-5.021413263887167
-4.976767364180338
-3.034946734579902
-5.150334419210132
-3.1945626826677493
-3.068741246273119
-4.719199560167267
-4.950889173951619
-2.9755026789077896
-5.237752436120062
-3.076406066487233
-5.324230548694111
-3.036190383883194
-5.104131520574914
-5.20906149708542
-4.084430297932279
-5.270950427981096
-5.172571206049373
-5.480968447777753
-4.828802886800222
-3.100555354581523
-3.846175865423557
-5.079954646540184
-3.752016202311964
-5.487391799127685
-3.087436765438568
-3.0181920026093727
-5.172315865334123
-5.34054086149546
-5.124576751371224
-5.45038491011287
-3.0377570749800658
-5.3416753213920956
-5.4776728856874035
-5.351480205868062
-3.6052492849330133
-5.16823966297011
-5.147472555628669
-5.126511357347787
-3.024679319730647
-5.169885179934403
-4.520863462957864
-4.075743973851827
-3.7510167045965814
-3.0052631738639133
-4.897047349138187
-2.936588496438538
-5.336995711674914
-5.274266693826767
-5.107095969394469
-3.816888412419088
-3.15616906913991
-4.7321048318489165
-4.981084179605051
-5.139831063559279
-3.0423416399192065
-5.425139424227797
-3.0567640536067415
-5.026680672963462
-4.9467122480794785
-5.247212879497558
-4.976398120499528
-4.512297441479436
-5.186699075280375
-3.047388950666413
-4.003851545086132
-3.0680418153256186
-4.851641793791206
-5.305845248016841
-4.679132604626938
-3.0613297346166024
-4.761156018537782
-5.125817253768445
-5.033882047320407
-5.294406187936048
-5.201640853788701
-5.292710997911795
-5.1344006574669265
-5.167774193493649
-3.0677738907455163
-5.023754072182503
-5.123566433536513
-5.178574964863558
-3.010538083116834
-4.991137369532138
-5.167828890378285
-5.0165765150326
-2.945118687062215
-5.088915991829088
-3.8354150678937615
-3.745285910245655
-3.178426108357187
-3.034185940840592
-3.073077197519443
-4.526285532158489
-2.984253142726299
-2.9428160529565064
-5.150090874255945
-5.3021590343335046
-5.137365645179528
-4.839513832027715
-3.0964990755406556
-5.261159125652789
-3.062439955820638
-5.767716491051641
-4.215889940451831
-4.52314062737239
-4.839283903318772
-3.7332176245010156
-3.1556973018875993
-5.359055114869648
-4.891370758308098
-5.3272764310992
-5.237984714770689
-4.871291211973875
-4.557588461012271
-4.9442574357197975
-5.328664142512406
-4.541525366967544
-3.176148180319621
-5.4857024672633665
-5.070222487655778
-2.9778319550976162
-5.0092379722905624
-4.953771505996586
-4.752041789496939
-5.289830165635177
-5.3382935078336535
-3.006689284330234
-3.1091288064072518
