-19.50097300107924
4.022812638678798
4.547042485886272
-14.613827697119973
3.516661652308585
-53.93360986418886
-57.12906508690743
-16.228505596543968
7.562587660690765
-10.097760449701921
-7.343476735322429
-3.09821953114681
-12.910525487643357
-12.645471365444362
-31.825987025923368
-3.4949557484847817
-9.270253984175007
2.609130696424593
-0.21006364860571936
-2.026639598050464
0.8071873435446362
-3.5067951310332854
4.361353126170736
4.004074751298875
-0.016754137892275645
3.82291928999871
-10.295162379338718
2.431731158150982
0.5216617122932001
0.6280716539459941
5.583616972197472
-0.20132553280020882
5.038097342234098
-21.032237463840602
-1.9725365458515776
3.374438078134011
1.0503490527955184
0.5638442200645803
4.284410522987445
-3.856188158598419
-17.487196998441593
-12.964103040506439
-3.5874599855666345
-3.5265117708047216
-2.8148386323843155
3.051858337501683
-4.251230945314591
2.6660945141781123
-2.3813603003211323
0.5615615520949175
1.961011994296376
0.04947237146583583
2.061093830263864
-0.21929026844538768
3.801782910357538
-12.53728023355206
1.6712599183799055
0.9260255131032329
-2.5935619177967313
-7.549173143738262
-1.6304251250972364
5.379389483599614
-15.432450249525408
-7.469320651769639
10.467427912089972
-11.544302275456486
-4.101132589125382
-1.6071265512850785
9.000969989884025
-2.114768296684448
4.593754830797516
5.184494786636902
13.393586497644588
1.998510879106822
0.7989815916238989
1.1854285178631505
-104.15680060469343
-0.22939454656218516
7.222019781321286
4.171772485738
9.47581487418649
3.6178312777671966
7.410687847703697
5.047058452753039
1.4553742187128735
9.083453740065295
-5.425604775707548
2.945305179337658
3.607009893895434
6.4926178209452585
4.1133861386509
10.085760325396436
5.6712127300246316
11.453177012860156
9.990292124583695
5.310694194412477
6.329878618429108
-0.8039895342867818
4.814724318614227
1.8587521133860605
3.4660231651850086
0.22445377629622798
1.8440526315604004
6.26230075417335
2.003152490966021
5.161016094919293
4.980421377426632
-3.3695797525681552
-0.535502148048643
-3.0842425939415863
8.612456418321779
8.270064481341594
6.573190615021932
9.288785710757596
3.067886696428684
8.462890018283698
7.001823774045953
4.9386401572537935
3.70028220724811
5.368727175058174
6.269109013453743
7.519105944499998
-20.8847245279445
1.190800349556533
5.824307802531868
2.833380268270149
6.035217760602631
10.013400269390393
7.672469134324537
12.095762518329549
6.511205288437504
8.695545501988384
3.879143038704373
7.034643071850763
13.398135277658083
5.3598040475727355
6.9526221873040015
14.488012190415532
13.781782468955337
6.832081049758324
9.894912694955249
9.533115856092428
8.301677550561733
6.420399403682603
16.379371858666968
6.821040105185163
13.996135047890863
7.469344255160541
8.445560535342123
8.798854805658257
13.5277920673533
12.994013653315605
13.656791416121026
5.898488198024533
17.26458400318771
9.918881889389208
9.563624963427587
14.02485304085041
11.489806435602402
18.782263458912574
7.952439651829502
8.005432660109056
16.16713366143219
12.478171595927952
11.917328806322686
1.8248895138930523
9.88098705512968
1.8988087775427847
15.708391137728466
7.825756657772388
19.273808781882746
14.986416586553053
12.360586604384086
7.14353487514642
20.533132076907904
20.196249207655587
16.829795206572857
20.11934042301587
36.35224796623488
14.056599370507536
8.186894919839997
19.042070407032355
15.446475740174453
34.868471088675165
12.456683553222572
12.367597115683681
13.947011919323355
19.77900940598112
17.9557818503473
29.672460703371094
13.560971555352827
15.346029224411279
9.114889695698395
10.659343641255672
20.349158992808317
16.602708659756924
27.983078561433903
5.019320421076078
33.32203719950716
19.217176013515022
30.881321652050445
23.541209768748523
27.002606065987305
31.069122109703713
8.266934486687175
20.36382655569166
19.774767723962675
13.024729084355135
21.544698571455967
28.115905314013062
13.96323221332207
23.93937369151476
21.016764681451647
51.386540832980856
7.029630594475815
13.75342067694105
5.3152700337724115
23.69499773418468
21.83393952751967
16.39000692263712
42.979342504507564
29.252724978365634
27.07581559174136
30.70266200969865
27.74115203014327
24.76268654130026
10.912727517762535
40.250000808490434
21.34916522876484
19.16662197270182
16.97887464807306
23.2947260934369
7.370181713491682
8.613373535022761
8.777020750617616
22.38554896522623
9.758796349201972
15.30061566943986
20.849414529431613
13.227669831445438
99.14521339603266
31.707338362742227
33.753860946370295
13.782651333669822
32.37930694907561
13.377313122549406
15.90534505131717
45.651241192588905
12.314748431374014
46.87525545516363
37.3088647079778
6.309013863688946
51.09380306159703
9.878133974919102
42.10705741162595
35.16338638402275
7.647566541347027
47.68444499680588
33.42289113442103
49.59349002550789
28.434245868710804
9.084154679480314
26.861775093216433
12.19915964820547
13.02805535786785
12.648842541498437
69.37290200679683
29.83393717307225
12.9110975793954
58.11342418555694
29.490277359299675
41.0827781077729
-89.25762715694997
23.17890397575188
25.54658894404954
24.221767369545994
39.92983156063534
43.241955427179136
50.87226315252233
20.440913145400582
6.475767088143151
21.973558004909467
8.66691607478074
35.090301341507576
49.41565025475251
34.427628363380826
74.02526351237667
11.909951319336887
2.526698088361573
25.75285912333491
9.378403344626859
15.351194390486924
26.36047674198386
31.649181094084568
61.665451570772234
45.64988951207449
17.170898875070122
35.90040951684864
10.694550399693354
54.757299784019274
10.496947737989947
10.510072849351916
34.50748087760432
28.51477902897323
0.866739300202886
11.3125026002309
5.323057776538656
43.76373689350111
36.79784672340751
30.618701395510364
49.87897879215019
22.988764874959376
76.4802074914798
17.618595603621866
28.70162968090735
39.30206791610767
81.30080019370565
53.16425578175733
54.9712931888625
32.52546151650944
34.528253916495785
28.06165990377031
-130.337865553425
-113.27268089149374
63.22938963892932
36.89364898279248
26.404013434654104
63.90624882586735
120.45719810573075
88.93264478087423
47.09796041242778
54.63795342135306
28.776328108585744
46.656325363907335
37.47107364150631
23.873519238758227
15.501441461155189
0.37329310121635384
17.347245108955853
32.90028751106065
10.356282535280416
23.133199636573593
8.671097550834844
28.370867453452203
29.765416416795937
18.970702784028507
55.518163094945876
14.303036730697379
104.00591203567637
27.788326240832607
51.236801772223174
80.76920674838313
50.10830381860027
13.021007728657368
42.95508042466642
19.446461674786473
40.70769460553552
21.10419094689501
42.855914942011886
40.37236204034836
12.643479479964823
50.6907356116443
34.983867265633606
7.898358696064594
160.52115210864844
77.97466919285
5.682696692980213
64.6886162692246
37.367166359314695
41.19089982868669
27.08245596061276
32.94201728500365
58.12749213669949
25.996407317053528
38.0037041444294
39.84840933664327
39.517898535564534
40.40773349614009
47.22373552663749
19.40778264876764
44.18406923009829
36.72462683572682
8.707051708100357
34.39512645864179
27.043866954250262
22.795628273952758
42.60092062149198
70.29398495961598
102.5610284854807
32.52115435955985
43.031633719953376
50.3911092815362
133.67027585188143
9.866760873385404
46.82845928769747
39.936928503304735
47.15090533517613
51.30805759439615
73.86216336983443
-7.40911467870728
35.76192751980761
12.241954825517407
166.77680943454865
63.11486314561277
46.606253251693275
50.12367755741073
34.996433496835955
68.80883857904308
60.55189668947214
-145.69062428258863
59.17085839454768
30.702863838989902
103.16062900091892
119.25014383751454
43.872091171601184
31.819447617283714
27.772084001749135
39.420698998895766
40.1920284115399
66.80326932915798
25.179285787301144
34.79033926591399
28.099284543015695
13.327571874809143
31.54787604388097
115.93384677754874
79.00570293302896
70.51847594981388
60.195558774539
-14.911408149775864
25.692392166111
33.46727064405756
32.0205893357837
46.70392368940077
44.37296203191579
52.24406633501436
44.96089577278309
31.89124925983449
36.78820560626621
51.15784257067303
61.893643950281046
14.616706176357958
72.25440673505948
35.61426832660536
32.14104434399244
13.68457898230291
67.91698722709901
24.895942812146
29.9479100648084
67.13613672275783
25.121557573125383
33.41608120454104
45.37448355451972
30.346362107849384
34.49430765720209
37.34382264073813
23.715677584925665
31.431689234164864
100.37669970835671
12.525847443447132
30.681965326014286
64.26404796053593
45.30139563571538
27.6817540517673
23.82930209869022
44.6399747455772
37.07476399010111
29.584941322440912
76.24062777758455
41.449160725309824
124.88426804491135
46.876642785611864
154.6793233247978
31.081770307106268
65.66576426541992
12.391849057429159
92.99536816215891
82.55223115452534
123.01473816107143
79.84596169717857
7.511176603335896
27.189562107631936
119.46383216833149
38.37711360594319
48.35570878141249
34.18848003212427
24.6815464874506
-0.9434294266374907
22.282939162810646
161.42528759187877
48.16541448681616
77.19409775278751
4.2517463630245365
131.07033444263243
182.60958306872348
44.272824353039255
41.371269873389366
38.54170685458618
51.937592547825226
20.967452579074852
58.437747334000996
127.1269233261188
68.86632666911945
289.2854568385889
43.9425836999727
135.7431989705158
9.118318888433903
36.09807093681628
12.197940920657176
183.2753791217832
25.109154060902693
5.912400515214226
71.27867678448744
27.23497465734431
57.70195258145718
48.60083400844661
60.853409246773765
43.31766114892377
10.612987246945496
7.990057282524177
53.02032730090368
12.941649315581348
106.65387370689145
94.81879060177627
57.64852108572052
63.639418784752536
104.93894628138526
58.18578416377432
28.93344873582198
94.42620490700935
56.716607438894634
49.990235283898826
11.968193985707735
35.84673778859898
66.54187007938474
74.58591592019796
123.10050181181488
27.98079144487965
105.97341416834354
101.29228101153613
242.27613006327846
73.61096443868921
110.70029103444942
46.256586322704926
63.03231333338155
84.42138280268321
51.411588704114145
52.392217352029554
60.15963817398556
31.821589106624955
36.41863488896378
53.66257337330965
147.3147158650627
51.70403556887433
65.78064303826109
181.2366058242645
93.80020004627734
162.90424098220416
30.944759704772363
16.235643550258764
48.62070194468338
124.25573573724664
41.52373338949306
27.332440923842597
53.822804423746966
19.72618269310597
113.82149671714137
18.7800829497495
52.26552153527682
28.95389393409062
32.09709269871874
36.182374373948186
36.49231372836792
17.908771804144624
47.14464636935421
37.83711771569899
35.97628742971894
-43.88714457654709
35.736408715860904
-16.655735951217522
-25.547520865470506
-75.45058715134361
-45.8142987451086
-57.325513978210495
0.8466649756872409
35.89751553944435
-6.01080194577699
-16.3119238757249
-5.3431099884075435
1.0005194484461084
1.2721849331955126
-19.1212762828252
-11.315845514041062
-35.33876801959425
-14.594755011180414
-25.606635215599706
-36.41649374768572
-22.79170514374847
-36.55376134893796
-24.876103480335328
-58.829783336342004
-30.735455374709655
-21.152273091372095
-19.545585450017832
-14.830274346679449
-13.679902553350974
-15.840159550304215
-44.79977831787803
-21.757119804119057
-30.769533297330135
-42.88109947333859
-25.476211432170743
-21.59920578843293
-34.516266852458934
-22.04571625452551
-34.18822253490115
-42.77635360667172
-33.229662899224074
-49.26450037444382
-21.158733030282587
-19.347705739557117
-20.979782465464744
-96.95442070193928
-25.82361807403712
-9.965039125717562
-16.050443160728243
-16.179427879543958
54.817874616771334
12.373104647061467
3.0779052542348637
12.580391372116901
69.42209839569401
31.504756410358475
6.49553281286793
8.897338626777131
49.710549324123185
24.177565681849313
26.250999826645486
14.743736245102559
25.60991235183798
90.52374480229406
15.389110485647496
23.322883074461792
113.96896021460984
28.928478111763496
8.822728420048946
15.227630881654708
10.441868801703365
157.4681516834452
18.513590086535544
92.13273915937978
21.767808988962926
-1.489795282908711
1.7811319936023025
8.991803341918308
15.471824170649061
95.1693100063155
44.98648537914828
5.180135715280346
6.053558127103991
26.279633529640712
24.034149724410224
26.7610496063729
12.27645286084588
40.3492823160812
114.35475188342552
24.29401760867672
26.970283478192357
21.227877803197096
11.738941303528227
12.699487785873933
54.44067154234278
105.27248729959439
38.45739913008306
5.517638622817896
16.713695847444246
53.96187726680869
14.893940824019413
36.335238018636915
109.08664956393721
113.85288475743938
25.016560179247204
52.948172380756645
114.55988761039575
135.30624560785384
158.24460753395513
134.703531990597
26.939316503909104
93.0012176792988
274.6778556188555
137.0883657637022
201.76183582579912
52.65239861661444
73.50192682602693
235.59970654826634
59.41695858748942
81.78697268247542
206.1109783497343
40.00876028710479
-112.80303634840985
68.35755267176405
181.46312244136934
69.62672192751248
45.29121571531642
22.41394716634353
28.065548821723706
165.0349803870986
28.48133677728102
36.435211139487706
81.11204143275256
57.92757435214647
112.67360559232286
60.238429784328964
51.51493776309861
68.85274130258705
68.44602444644832
97.72114856851356
64.8791009220605
95.77816324508252
101.3298223049256
15.414499690369396
25.952456262438233
26.720328034431983
203.37360946180107
21.547042166057352
125.00431522093774
29.254574069977433
106.29550660282247
95.76901212993384
90.61747953854442
87.26373654301347
86.0827110183785
81.93897243492249
47.168530403630186
138.6297590184796
14.888563636233402
28.728011881658183
55.96086133850113
53.56417355365305
78.15603638138498
59.97864640963137
38.24873226546184
23.95564353910089
58.899750409336164
52.72794001093259
21.04297029553044
29.86765864875416
126.56270996661802
123.14753806938988
96.82632989381564
19.751268038216974
14.443360644929744
60.29038273047322
28.941207044112183
67.08273992319897
170.07686052954875
34.14995346080573
251.59226630872325
46.507287225109216
28.125136474812418
64.24412941027559
262.596565328285
39.988601270614794
176.4999025650939
295.57686232497986
156.85005861871792
39.53030570795574
14.123366605302323
53.29102073225935
177.18783450956897
9.532650194787736
170.14700641248362
51.05547612055885
282.7948426594183
42.710414582367996
52.34896868530349
60.33820854458834
86.32288600305904
61.13147277855001
297.6727282951548
149.72120897038093
128.48204757688677
32.377698271205034
12.193501046085736
77.18014284942917
62.37136347606465
80.71907007171279
91.26194964625812
62.226105229682595
62.306466215438505
11.87037978334942
56.7591018412191
157.19957845540569
118.30230224826362
74.27342726625784
296.2522044136621
168.97411353612887
250.6268230640095
12.07244460619365
11.373224072134118
40.87769363716493
24.347394047488773
59.45933312736274
33.02842591230945
24.792300210040064
47.79844004843635
96.0207517497067
66.7306037465448
25.60267214967497
154.62689881221903
39.557419139878824
59.55848930051736
71.39674410247616
14.432231396324317
205.29986035828884
177.80867123941292
42.954307425954084
27.57107013044258
44.44679909250634
301.00012980690224
76.7392260550676
87.91347849377398
274.2075389753359
130.6425841148161
78.28749983246871
66.29303416816832
67.51100584854254
19.510361358773586
50.53802153388534
109.17068351717117
298.93337950956635
102.24384037643004
13.205281323092679
93.69298522631301
140.97136488282084
284.0450425048625
301.51470060519813
55.47749741428776
249.96206239516926
62.68986397772161
168.67959815827018
52.47382669109043
186.26134175562763
145.01020549121748
93.5392146364538
22.53481783775861
108.11388993679094
94.0211691313585
204.178305181291
17.217629421024274
58.202259000320595
297.91850693147376
71.81545281518189
193.0077141073825
39.761314817983624
103.6969668336244
14.366951908394066
23.397178249848995
295.8158812215186
133.23643861789702
28.703324805351908
163.11280872301924
34.47130007395024
96.57095078271395
103.46038105528932
37.92886211538438
95.21140759856202
23.54626194602376
79.07377494780845
30.834612627894934
97.53859131343539
140.25778482910127
51.14438829829357
166.1018138180158
52.603767791898925
114.64506610633
182.2631848228641
45.219934791426454
105.99688192342526
227.3864387315661
124.12829530120953
31.066610926241943
57.82778811094351
252.54686886845278
98.19960145664959
26.909514544682576
13.626989207855118
92.64366941058293
223.0089720720696
144.32670278609558
241.70061313892052
228.69228747395886
162.2793274049617
113.38648056365003
63.30012519804323
25.86058234432434
54.8426424356755
264.94619820880206
37.99460436126279
298.2169050244058
20.38640968775191
72.43654817226779
46.45742031975308
269.50796283326156
181.1976208409878
70.24324265551508
235.0814600332484
93.84686561113966
229.07327065651168
107.39220995645098
157.318136532863
75.83302752881374
284.3415260832602
62.994316748288895
160.8069410113632
61.02541577548844
28.837436307424067
303.48777532187245
58.908104611085726
33.46127822409879
11.967446509471783
26.927158850815143
22.06014419978857
46.84751129874401
24.852024781983346
65.3019946860267
129.08210864071918
75.13518213012756
173.95624982863546
80.51314801594742
70.66200801137838
27.52367651052773
94.50689930675307
104.6372776866953
215.69852011602666
121.36002382114589
12.356498206544654
62.461513970668115
31.225538740051903
98.55807645204376
60.724766069314136
165.6530673314694
105.60550191960546
118.23567104206488
14.379189996839802
65.97635166833054
52.5427135288548
169.28424298748283
16.27243266966441
24.83171829358736
72.6434290298025
296.96775839443177
157.23016848795
25.660881117212288
151.68988317948822
27.434512472117316
20.16486789367256
75.71725145019597
22.755679733240974
24.15755027660293
92.36070348445635
182.89494059782982
129.67449632897748
51.77772752597741
241.79753245714883
101.14679569084821
156.98835650036258
289.50045652453144
109.98988909612294
59.905758094699415
66.05156157859105
115.00258900810147
45.01524162912743
56.44561972659827
156.65795572724005
247.40641241124507
25.038624688487502
300.51262193683016
47.91301351251827
65.25872278605463
28.951238630014767
143.1750409685566
122.92030966892106
53.809096553791925
298.34542988662304
50.59015733797252
64.19382958915453
241.28036244854314
104.41720629917458
156.92647117104437
111.3102953443608
85.86854908363775
94.78647947317926
298.257731798456
88.00653925835431
67.8936729945773
61.592275542550816
159.36364990935786
37.14764324609936
58.72288251456619
301.08899993626557
16.287587417382746
36.04163632215621
127.09746864094782
86.58574001757134
211.9823031333765
103.20546874237898
31.608440367869413
58.89645548017013
81.14363655912256
64.34516626274954
102.10372273568028
156.9525246604903
117.64099769074164
15.918534748206543
219.19764316406292
141.43452396522463
233.234989265272
74.0057534347593
49.077354757944136
100.45853012563926
179.37626952982413
69.02438513071836
76.6391639551902
65.62258085711171
56.64600582780192
46.10197199091005
39.543775393826884
58.86954046624188
73.27048230554848
34.933981467717025
303.0404134221543
178.61714546826397
33.821771592163174
75.65667408635528
23.110697483250256
67.27967338935845
81.80389240963183
23.535584994791705
297.2023637241431
88.72973218182041
301.308801293307
24.9503110587715
63.59161754801683
31.315818120155477
87.52695444789089
62.56591649766267
12.760014204834278
126.90799872569485
71.76497769144802
58.944840550353746
22.06452493138533
63.417886743404566
99.74669919627587
142.49729513533038
78.82881877340496
162.72761948695276
46.89728809102685
204.9967265239622
198.95289195619912
74.61802787378215
67.86681500029131
116.10879260378948
41.0552329197054
79.47931060478273
70.19550442774904
271.6153144632842
50.88280499435039
221.64838638472864
25.56051184398184
219.8949469008191
26.266960788251822
126.46481633013241
216.13302902862694
12.436042374207947
77.4910412231697
195.25137308550794
177.89522740446728
247.1948842636111
126.68563455101976
227.9959581507604
38.133894615924625
268.4387793863069
28.772350462277743
301.21747257242083
191.4791357691318
224.09687601529612
90.66461253228285
65.07281821881081
82.02890032646931
212.4893196543692
38.63930373376174
151.38864104164776
167.7330840307927
171.51065211971414
164.53609644978576
69.02488213666967
55.67745514989832
131.78770269352137
26.256164834260932
41.134842160154776
47.24549474185643
301.7959409242734
23.01542800271076
52.44045545090053
113.11773466797267
145.3698106668836
54.289287972785544
104.76467690876372
63.98130267060331
42.44645036221664
121.88678040632232
14.209259673631118
239.42578129712206
205.18853055097966
49.753453866331526
69.058402664215
210.83606969147198
37.58831112171524
46.72072516387139
13.930115188361457
163.85356206767702
29.979974660449347
67.34340296499742
141.0491184652795
277.20227495731444
111.79711998600571
53.48880958292448
92.40937999239506
78.49089737878305
15.029632294072467
172.84702492999395
49.97200757382506
266.5936121436276
14.553807377075158
113.6862023976927
172.52643450036967
241.65940313945984
245.31908078603382
155.0965977557668
205.4587875207098
24.366061356055862
227.11333191947472
81.0290239785444
67.97916670563447
20.68098381036085
141.59198163900163
58.93723609638636
125.59659785866113
225.73669314055255
304.01751065618646
131.71257524467444
143.17027919517363
256.2859667410379
245.67469873425122
129.7907022460587
71.65411831572219
283.58485055862855
26.17459569375589
114.00479229900112
191.07250764151715
47.17619668709485
110.11847555378323
214.41711229989923
36.41022554423658
64.38650321708808
58.194187354270355
204.8263619948487
296.84493930117264
201.7688230569666
275.20104051103704
77.45780887043037
301.28699920146687
115.57232643284026
147.72651170016132
176.20359425750797
90.76196227439048
95.90465800361271
141.98763075451436
112.77523667420057
299.6972082827389
51.28406512468557
137.36341110671992
82.72158973756434
212.41173354090577
37.64665824312156
196.02216492983294
189.46889778865312
163.50667894503707
103.08235470854397
127.94549285358195
85.24946177932435
234.84186923213065
103.52228754243133
181.56080947070686
296.9863955055037
304.10986889792633
172.46544672045974
147.85296917870994
177.79629080391453
38.88809500274063
31.846585994524247
102.90073933407848
221.50060789728488
296.5130155745357
32.82375361450762
177.056314815138
70.45991687764409
81.28974642263076
271.93809904669814
52.97380138519219
25.722427708864217
72.35090497726944
282.09823479639107
299.8834326637238
33.429618233269075
80.14813619227992
163.8458743358832
176.26726973574802
135.93428953982806
30.270976404786115
46.69312064550817
103.33132369466932
121.52291481224
61.46742423438281
98.9978198817962
37.848833173306645
301.06878485804265
52.475947601640584
180.7519007222998
55.15837227377171
101.23472775976914
301.4785629451874
66.89328407732332
26.768398772157262
81.27874897979575
159.27079318842408
170.32069999369918
65.641942941426
49.87816415980895
216.65135765770583
27.522751259279143
127.06221218507366
158.5495322432238
101.35101332310028
34.1336507850674
69.58835284037174
140.11938432476785
59.72508086283013
219.37028869007284
36.58061480207435
23.09208487376137
203.0165625970701
95.66409266413622
62.03508480626219
13.811207427522161
57.16756991981945
91.36045537677525
56.32000946412918
69.40703968398648
46.923534765853226
12.945949507419025
82.6548104352423
190.468225820566
79.0931995368913
248.87146061856916
301.4757714137536
91.84984490329452
62.107178276506616
85.05564315770195
53.11683543259557
72.20574883604175
105.07258103285174
66.53775577708052
22.504641923992267
88.85908788445249
171.72934579809757
46.005020167345776
50.03045627396181
97.61780708787461
134.07008954916463
302.3554948389153
273.49694732573704
160.41625344221043
67.38037450101346
144.77386212629537
27.451386024017523
301.1715249689943
90.23873044324044
294.56005604430123
185.88453584122666
31.245310474613675
178.80913453116213
61.501271654901444
301.9711785783689
53.44819509186692
148.69381600756748
31.080888146915157
28.102789643021303
219.21787026254654
41.69525935789678
223.59013259404827
141.55994039961394
88.75348539027235
126.48303130970399
83.91393939952982
251.98917152096988
260.7118284171597
169.65442998260082
92.35119668923939
222.25997307368354
229.35757328433124
240.42842836653386
296.6894474294722
160.07918596585992
50.35685601058105
173.77702639200942
234.59539737652915
49.31942080920437
122.00852119948883
36.43154451982738
301.79797501460735
297.744861529457
300.6536374294601
109.04180199356472
294.3109160788824
66.14468600725691
298.8447235994766
195.05280162061592
80.72915859100165
147.58637168951276
239.3144338310165
196.62323515563256
254.25147799980164
298.25516599748323
81.60426700521327
73.55268422640991
39.11515055525272
273.7684658807296
25.151605085268603
63.62903626171192
51.50278290762072
191.2858939933813
299.5021412529223
18.57510289906167
298.263445237993
302.13895709862004
300.67250749299546
247.1551190216427
104.85665309650327
246.30250386444544
43.364432490578565
182.73536279375833
163.66897877835734
294.6615104555604
44.60914009539288
161.14402522441435
64.85506800528677
108.12982543726203
189.43314581341676
123.68597855826215
161.92830358952912
182.0354330519313
82.76451800328385
38.888095484868934
256.37939640874396
296.8729689382384
78.65036128664298
229.1254905011845
85.68817164638888
299.9689496232912
138.4021609470635
290.85171550955613
281.1199140710367
298.9603313115919
294.16627553862793
45.679491987830644
47.19128403062312
36.28416576057113
294.4815710210283
295.9913521352302
297.3601106389506
301.18343690080695
192.11467006110888
158.91107596900872
139.62828218436613
96.50221287279325
294.0458042625718
287.84701234040665
297.24056124078965
303.44817163755204
234.51822532404884
65.85710232433492
184.7351040094517
251.36449036823257
296.7442998853119
303.6603770184597
85.19794656519596
87.78102445144889
194.64330714360176
52.47293596220386
61.15172928683768
44.40219168605838
35.39745242913876
140.12452996339533
26.66351380945805
301.11254541683024
194.71362464271417
157.32474539861607
245.29722498130243
53.71013638758286
24.2884035480606
190.94852600757284
87.42314466435776
188.48356329189758
64.08914767115436
40.22848444722902
299.4321072071758
258.8316670432636
203.56898863158244
89.7130418045899
244.36666111105703
47.11061723205197
159.66426357320466
59.76417873987089
69.92066969882217
36.892887542077034
215.49545336709363
137.29323086027892
50.64022838395089
93.54607545066634
301.94614987177215
15.906923956555001
300.33944805040437
81.58069964578124
189.34864979628628
297.1593712358987
301.14133948688124
299.4217975559385
106.66582396421116
301.2590015709537
40.897740901413044
90.61259478758646
43.28807429327442
236.49328674126699
258.9482460277566
141.31696506298454
153.92158945915497
299.3391361562584
111.66612414254722
57.83560991755716
273.69621841670084
119.13162913711825
302.27391417891744
43.28064910910588
88.08497597890192
26.029657263837752
270.70846251160134
188.08853952819203
87.72094946823984
54.2833104937381
297.760327714147
194.81741222003916
299.37007223437513
270.971970698313
69.35289872038487
110.24084800113609
53.764025148137165
184.6362885997916
131.6810596595798
85.55923837708463
84.9695208527433
33.729047343771924
177.7791405917752
87.34074638320561
120.31453318988534
20.176600874414046
79.8023602668811
297.80561176624667
286.4937065226579
80.57281018667229
296.52029207495605
97.31112176153437
105.11356041965298
29.22725129160287
299.68390100979326
286.239168694686
232.4738791859964
294.9277161397599
135.00970377814434
300.3414202648889
152.18398388995166
43.189187376522796
50.5024234029949
204.5406070725515
111.1823714985351
176.45399666465826
55.64758121252121
102.49388316555998
70.04378597979992
217.66969351295063
276.6734549161997
296.14385579817474
186.53071000583049
118.10742746499672
130.59544932915824
298.9324604991005
103.59790684118677
122.48072503189744
289.70249930109946
159.938863526804
298.077562796792
59.41450246317744
91.53370012592654
298.22518997572183
185.96379472371407
254.22873296317655
44.281623033278336
303.2226149638603
26.129402672555923
78.05022380592229
66.40085880181441
241.07996412181154
302.13883439137976
185.37854227027185
66.54985449741035
124.1629510138826
209.40333301570993
32.116144106839464
24.36525783928546
67.6388924989144
51.548166428762784
224.92011954756117
298.3450899818587
72.94554553113872
298.93632005215636
95.80186079515576
299.13360963940346
81.17255376777732
140.2125772526466
88.31945547076367
299.653890802502
236.2485371106621
299.60960868075534
253.38574396431477
107.55675839028477
163.54383467542647
199.4066841957642
129.0971788659835
129.2689668484572
300.58264020585955
300.48103057818736
303.18267761612987
151.84442948397552
268.29483286767106
298.1875963382402
54.60225537295084
45.306133699000505
96.63436425296466
65.15629116885178
300.21753238482296
203.84897647948273
170.93298549212187
159.01201064217327
125.78278257091864
24.192395809948437
102.93985306573965
63.09542731018874
294.98045215501077
74.819193242815
91.66730228604702
64.91944928692659
49.74324075431189
71.67527294318933
67.90217557655646
296.20617226430613
200.37508407322218
14.459948005191372
89.61094070766741
23.458055016327638
35.94620551778375
93.94283191236825
300.13680460168854
162.0792870529297
144.26284969600997
300.1843697138296
106.53705021241052
301.1698106206964
92.78262284563084
301.96239283993003
302.02033353601274
69.20277931572588
247.55156523330325
303.04507000513223
301.94019251558484
294.2784409397424
177.40423474046702
79.65476836133062
295.9000118774684
297.418703593891
258.7686518424521
240.26717005925346
301.46824140288874
301.35890956780617
294.5629987671198
114.65090273425231
29.54048388556575
122.99137471519853
142.7840103321063
173.26558497380285
87.07557554399246
77.45258693578529
139.95389774523673
296.6773949541921
218.40483380941168
84.53767918975092
244.89137992113507
29.61100999324154
235.04791148858348
148.40051648871867
92.25828667740215
61.547128847489006
80.19115904313547
40.846700510485114
250.19732922997434
283.8061006334434
147.813178853629
200.97296538583313
229.76044917285816
210.04561887430637
156.94623625941438
193.51386479977452
93.30036233333813
123.40694070011703
56.29279601802738
87.86472128086048
65.92984523484577
82.4565692875262
24.794927105802426
152.2414960940344
218.18281094107357
298.51446649094777
237.3254193995229
301.60758863138415
74.67214237687983
296.8270826200247
23.02637432805448
78.18797515224479
293.5677678656357
165.492992038217
55.84902762530402
297.7067414109368
23.892062178616175
213.86411219138918
136.31551563682646
223.33965715602363
110.5287989471337
302.04213512714773
185.2109920623414
102.18939695457492
109.12889226370577
248.8121457321461
298.6479812306003
72.48486498720975
51.135329620381796
298.3420389426888
173.39669006877048
242.88090806145607
133.84989990148264
52.868260155061265
76.65223573187927
126.67251816906004
35.46193480136
131.6542535210473
294.59550637936536
122.83194959542982
147.4161290367055
146.29174838294512
95.97935658682138
299.3798918007314
294.9893634212822
167.39151180913422
169.65607977595235
77.72821758290685
198.03179206029216
163.94105241509112
149.9636382424392
298.41659157066704
181.45418064032629
70.58157327438583
60.23891903944656
299.8964315150251
39.10049849499264
150.48853601646232
155.5446968562149
298.60974097950367
233.4879960251322
252.69839581328227
177.121128254183
58.977397743593876
167.90250391740122
301.49562584623635
132.85715792497504
301.7556698804926
70.44058235000759
299.6879479347858
168.37955428317687
173.66405332970268
297.0158530075827
271.38807508115735
300.9576524248437
94.3250271949216
120.51602572867206
303.8024791929484
19.61544433845083
142.56704158221132
251.80343551225468
297.1829085825994
169.12928873117988
299.7174413682342
300.21991928107974
13.89271705916461
129.40465604839852
64.27056034116575
299.23543352758963
290.2306022607502
63.51166485242919
296.2040793217444
227.13047814459773
170.87535113991916
101.04468363685213
146.5729885358047
296.24821848050965
86.21466896747914
300.43419606644426
298.6917982831801
102.41630986196922
296.62929002546224
125.1513008300315
34.44992261401913
169.26057178017626
50.37751148707476
248.96065260157408
176.36457325171705
298.7165907191269
299.21517096068254
38.14599666147741
85.84556472213275
302.7754532997334
300.79568957842497
248.62528589677436
120.19623063778144
37.49211260881459
260.70439924799996
297.27458564072776
212.42041888586525
218.2906460403817
87.57680331769961
299.5421841859915
157.31323034445035
26.042503370934465
197.99124617773356
263.6802911798846
157.77299996688447
178.44090137420702
298.30982217515174
230.0622570557817
83.98484773699258
62.92502320326435
298.665887963313
46.693678353735535
198.71499056234774
50.70240545597856
297.85764060777313
298.81054541997463
235.8844975372397
296.9459332499141
165.5483997875441
132.33164258691912
242.4638007919201
296.3282255373279
174.47720271474378
107.43913944908076
46.22892043697865
127.55039059271533
91.29701478614913
207.18248107322538
299.74287473159535
121.16670673606669
151.0060384461217
297.77071077463995
119.52271983447976
26.078962515457842
78.55748636969115
123.41210636386225
232.57423198844683
143.52037979745796
297.6733593516839
153.8774060433203
93.96998495609935
294.28402382853216
130.6967364528034
296.12543499429967
287.4590540236746
144.02978541466717
154.74620018910815
66.28160305708549
59.90920687437556
295.6283881020607
296.20397525661247
300.9822825326645
296.30827060674454
133.95487946383147
67.45827479737403
219.70843767652426
139.7502344958931
251.24734843671314
298.3267403898524
297.9467024764699
117.98441938900525
298.3973006999102
177.04671551092665
43.7814113409246
299.52449876101264
298.79029264533307
302.6500582804451
42.00956296627407
205.16721384870647
296.39609551913344
275.9114965642277
296.55362281084234
280.15249120529757
294.32861883910954
75.16206125443364
163.42272749559666
293.75865708526095
21.795397366300836
268.5887914895885
295.7169915011412
299.3222276862797
303.66994221324984
100.40258841359983
101.51452141750163
300.8160245838838
155.25001794612587
47.860169779203204
299.74693918132175
116.97313547215991
184.5466267101815
65.08951769297505
133.92060211341632
141.88727131800036
46.64050673584267
55.4687717075534
137.64968432229566
139.89100321539183
214.86748394507475
141.87787642952225
104.62264227455672
296.21156528556844
296.33533198024264
50.10800606812474
299.97624776313563
300.81867476867177
256.87434291233274
43.196293454537134
291.2479737573673
118.18534575031012
155.37545468711926
296.02562700324734
302.1390248867689
300.90782295919405
297.93121271110283
103.59260128281187
295.22955944941367
299.26430199117226
79.28351797557734
303.6245081606301
298.75257749955705
297.9734409381526
87.89253429105507
301.6535764773351
302.99398255247513
125.08601275857279
208.44220696296128
56.33135418086609
299.20702641928943
204.48307902600638
301.22087709484595
221.23748909766874
298.36579144655394
298.95634348887603
300.1157106598884
296.71853347233696
52.99384803511577
42.76172895900744
151.14004319937501
298.57361761257187
300.4581765132798
32.98993078439682
302.97901736704836
99.07175947522488
200.27515139425168
106.52252399922524
274.5512329474103
88.05432674929628
151.99757260188642
199.05244670572696
233.4822117595796
276.5256056171088
99.36079609837815
155.85889404111023
299.2097656489782
302.0990426360688
298.1289074663642
190.65199555399997
120.07452962466901
298.4287593287609
302.6056897409096
299.84177100698344
156.82830912807455
302.9293538007175
188.34823810158997
95.57316511840929
191.8490120773049
66.98582537677015
174.66140629879902
301.0993090037565
300.25927710390704
300.52442398161946
305.68060137273443
303.1881905699715
303.14951805044933
246.66302092887932
55.03558061530437
168.5057282531721
302.01855136296535
30.03353081205551
54.26811873383075
301.54733195173986
186.4257214334556
303.16655022416256
298.71766273281276
38.93444500807671
159.98332276456276
298.2014887578541
48.785550923621116
299.46755065173573
86.15421825316362
203.25133251881266
96.73922605707865
62.89484499577275
237.35190628506305
293.9959297423989
299.5104379205544
296.8686382825824
38.05007312966356
294.8133396095207
302.00032153033214
246.2311315054131
238.64218821759516
35.01008806562798
204.60051461266994
301.6127977021765
252.46061567328712
300.2572315293049
300.5239658515255
299.0334134566786
126.17079244355634
234.0319483573556
301.0509467643315
140.37139955078388
241.89485439456416
266.176393486799
52.92444817344382
22.56758306816033
299.4094405529648
300.3251060229273
190.3204422139915
301.98718045699684
122.97768254711204
31.9987451227152
49.107510097795476
244.95147453673562
296.34495042326614
65.25505422733664
88.11792010055169
298.06286175020546
200.1307875559328
299.1359021581762
142.88489410081826
138.75845570266654
302.22628491102813
298.2155166137957
299.0211219873733
163.59526495624505
87.08613008855096
58.537564772557474
13.007301880061629
296.80113468421325
