6.052758353583451
6.539582646522838
6.26031602287389
5.9765319418170195
6.1420662833796795
-23.101983265434175
6.092085425830819
2.1406060147906967
-3.179061879477154
-2.5796517333673954
-3.541993656316773
-2.575707225576666
-2.6002278403037535
-2.5399871470655015
-2.5024281383572777
-3.005266433676704
-5.09995663120908
-6.895246987836436
-12.43129935193186
5.071708306081599
-20.131207648158696
-5.370474982372795
-1.194397960338739
-12.209544571722548
0.6235911120561339
-58.63824075543628
1.4279774730925756
-12.136653486337353
-9.853446297520772
2.0413527683112758
-2.7541613502918447
4.000445267562444
8.626749766978753
-9.647000660164903
-3.040601783422136
2.8051875342745323
10.366989565361909
8.516674277539678
4.214762633625418
14.547737405856285
9.092888111261031
6.055597045029207
-12.305337162423882
10.236199753917756
9.083689390403524
12.516047780645389
6.860540123395
10.566935773697992
6.548211563767242
7.880291783734535
8.90225896858052
1.4505960967652518
7.836655905544763
2.2781795736898998
6.973178979106869
-0.8599908148633916
5.619003620884693
5.956584629396596
2.995563629569485
-1.9951342111813544
5.482242270560316
7.462439620866755
8.30353931490394
-23.975901629149146
0.8572281362501304
-3.87774869293471
-21.734857070316874
1.3096421443810695
5.234779999703792
-2.367772627696395
-2.2983984075499064
5.696359094437831
1.9027461431846024
-2.568694494254265
9.010735261614744
3.987292914193743
0.7094300439494357
3.245479570740833
7.647647858306147
-6.430507043940947
-2.3149654254782948
-2.8537435677188125
-3.624785131735727
8.892335962848115
8.549919882073992
-5.914089375612017
9.056463966172188
-1.5992007575755303
-3.124078029571723
-1.7983314958506562
-2.250607506425429
-2.583649335145951
-2.439579360047978
-4.385888150285307
-0.24811192522756675
-3.1404978883632757
-0.9972597088559232
-4.898947718843198
-2.400808843972161
-0.9616841159810606
-0.08290909235241595
-2.8599660305622967
0.7059788408465681
-0.5434474163483833
-1.6393915378519632
0.2503142060382919
1.0931858557003236
1.4095024638734763
0.7652773371295409
1.1558935880319514
0.10044388455587283
1.6743163787263127
2.5781244208465033
-2.3755446523005768
1.0819192363123071
-4.244723235468071
-2.6474350718843453
2.8525535948531067
1.4767455255587891
-2.064612252855051
2.3495670080265643
2.122177703585475
0.9703918391652355
0.32132776425592646
2.2131156260271867
-3.786773522329208
-1.4041468495577574
0.4926341971823316
2.4205879425307146
2.5223205587627997
3.4010788030270476
3.382328386900948
9.9447684978079
2.8686236537235477
0.021117247040693732
-5.744678374455618
1.4380041471893565
1.8278515937818836
0.8267942790227631
0.5743549930925189
1.148848900372784
1.4765872194829068
0.7211730188298962
3.799485039995984
1.1527098233265174
1.897864657245579
2.283467622010039
1.961099060497558
0.06407410852548745
-3.9934827456983433
-0.4648142824123309
-4.862780678105231
0.059851886475460914
-0.8138188493189694
0.3608621526633695
-3.797091523727402
0.8781668649738046
0.5943487863074983
-1.7597362732887296
-13.149713777404902
-2.408873569479833
0.019044560759634788
-0.16260431618616034
-1.6564629096047354
-2.357413668204723
-2.974163886760053
5.6795422144429715
1.3330324692167346
-5.263066453569263
-3.4018658869353424
4.182488193692635
-1.4747110665629948
-10.372886870465553
-3.165608344259984
-0.9942384487744441
-2.251988814388715
-12.764694899671401
-0.37653471644408953
2.2093894070722158
-6.053334580549354
1.4823563781064006
1.4616279829206573
0.3902668412725119
-1.2189422382317312
-0.058607129924000745
3.3936890240435797
-1.3971700867476586
2.949624348324416
4.756340578949699
1.7207152122706173
3.5936282568555313
2.2959857621931787
-0.6157978675545499
0.9967886310586109
-0.30785631444553707
-0.9752430550909309
-1.0692490413611142
1.9588469642276585
0.2677170300042895
-1.2592817213994798
-0.5888211420327425
0.5247889423525602
-0.47174416556892207
0.08067656080921659
1.014728692738958
1.664446368372686
-0.4822248949644471
-4.9329665401205425
1.917601682850473
0.9600868294859932
-1.0262362172901627
1.4390591662799306
0.3576929212578863
2.8248495042944963
-0.1029032850606979
-0.2655768172070391
-2.9944188893307
-0.6737795509897804
1.6951095732040717
2.2333726863792798
1.6483653325637166
0.5725223879050454
1.8486860930447757
-2.1572635385033996
2.456377913798518
2.580414172540729
0.398852425591399
1.7280314985178404
-4.262769436420873
1.6884657937480765
1.559006017444033
2.70760875648322
2.9510640128205194
0.22496983665414128
2.004203575043627
4.147908094540859
2.9958579882048064
4.546702854562554
3.1297954686265452
4.888811096379219
2.201423443037395
2.8892690382568014
40.460655013559396
4.207357291801521
6.661800589502482
9.857868325141569
13.958085488399492
15.731656528481594
10.389167003171517
3.9935505299717216
10.543528798905509
9.644646904073037
18.706321841197084
6.342782364982493
10.571247612583763
23.221150494666773
-9.51206651268837
9.729691529756414
15.778898490656783
-21.239421719368547
3.7264005529771875
-1.6156484444340096
2.6506176711178044
15.353626673998772
-167.65771502535006
-2.9348714209521836
0.9388706360030878
-5.388115367371586
-3.8293431493788885
1.2860022540229035
1.7223340241375036
1.6956182989229776
7.040911577293027
4.688259445458028
7.585164406157409
3.6510884589068615
9.924166643895209
27.66866288645999
20.195592246223875
11.65500495156645
34.18092848647945
23.331935325433196
-20.309015352268396
7.311341141963688
13.102444324955346
-21.101948218539363
27.426821145464366
11.422635811229544
8.647442165006568
7.268695899489645
7.310393195283286
23.875274654514463
16.25864556421774
13.013196307557324
3.7372118442524185
9.59895510230027
25.601114885757983
-12.413478897076093
15.060717170692673
5.186956568148609
65.10981430205948
23.61493717209562
1.7032280018286157
0.9597371668275441
-0.01001041380627088
-0.7794752904083578
20.7322396181797
21.204679201959312
8.37193654961201
35.5430980932185
20.913776831739902
29.318071566368147
16.09672598166205
17.829370333993815
20.301069327448182
8.156608841448403
26.544675125072395
3.2618024890590567
23.280335566318893
9.843522104154651
13.285832631014282
9.740275269462416
14.584453621756905
52.29966780295781
43.37000124003863
21.863800821106267
11.722627894458052
22.06364151145394
33.87559218173133
43.382525939488126
17.056058503528437
-75.83234112494507
24.36786554348283
40.27027848136922
-23.439499260706185
9.635629999931597
7.590401608789952
17.95646882521299
32.14736748942114
15.407374428912988
28.71584871588521
-4.400791206082816
31.129574328855924
-41.12931862159687
12.532676968983687
39.233499193690704
3.431515991793958
10.709129413918902
-1.0565650281640613
21.188768944943323
59.427452247615896
30.664724087823757
22.740699086904534
8.38937607137113
22.494909303781895
24.66494963853185
28.60824242863679
33.718554109420694
12.667234025398894
40.204184577977294
51.737405849196
26.219347797662632
26.52538685589656
30.982823522796245
55.27228965014408
12.994814952887594
26.131729766797278
45.69511804702072
13.419123542366565
6.6647028641086035
46.44397492083719
155.5210670983599
49.081094572162876
40.622961470581586
73.28338121064965
42.310748188394435
18.835157406667246
26.50122811337933
57.11310327223441
40.26467838500007
22.11124454775887
27.524226129468534
17.456917433394736
54.746222506649175
26.797074055306616
19.82588794998764
29.10024746572909
20.97809810265681
103.7768300302856
123.59952319925705
7.139170673048122
60.053150156945
38.51953974123051
37.53356685706164
20.094509076260657
53.49893486993944
7.176580137042327
59.98324694849054
134.7722224971111
61.2905678201268
20.704900320696503
50.32936257919978
13.94688084277079
12.007483449948952
56.20111716057608
25.276121387272457
9.313680592466138
108.68938469404524
73.45243307419116
36.72655223170544
16.532971852193274
125.99952844877916
23.296930405552185
78.88926792335293
41.93462368702204
62.75397084596438
36.947384861292925
23.819826183328388
9.476880946062508
3.502707977142813
120.41597094721747
26.969975053516524
20.919727904645736
43.245949373584246
58.32688321441475
57.8355408673336
47.954771952116864
27.862301343401285
33.686213461242595
64.1928435955291
19.718815026869372
59.42528917731035
103.79775560612099
80.08530562567398
53.37997564448381
58.017503697022775
9.80860171206295
93.76145026442782
22.368490919126806
43.52710028201463
24.188723951481286
56.02417925814348
23.325729861290203
29.19780732905802
22.22694160648123
47.44352258446938
43.644854791981516
39.12604915143363
103.26451881096696
69.53762281720091
73.38506217694157
25.017055327046673
20.006484465342638
135.63622250256057
57.759378415447344
65.45422969069274
10.640639914876461
16.128095577985043
19.007118688295282
8.957330081998677
43.34847165105863
11.87603389644933
70.66975780862695
45.168095805646885
-77.83356915808838
37.98928506252232
62.933209692838275
24.66453190286954
72.02667554322943
148.9661854723143
21.77556182287942
40.247269724521786
63.87780116898192
17.80737350871848
100.45342108157782
54.31939384617906
12.967514742920194
115.23083481246536
92.3395257461593
97.10180868563604
52.50729260987106
109.68811687949052
53.55439405996476
192.7011982833105
45.75061404146936
160.71696137445554
168.45372265571405
37.770963846255704
91.64542630719075
56.750730113724266
49.87894682154676
58.976141860885555
52.57504211228467
88.8253028412126
11.910190721950812
83.26612906815922
24.94964738799259
10.703716584435975
34.15761506510587
87.1647947061751
5.020785692187645
61.78684805158094
29.3257042755472
59.43283785588855
91.47219634441971
166.26253236383633
24.412949471438925
60.675567326111086
144.5725563654465
20.42063956506985
37.52222619847392
25.406879545629636
28.035425798631575
30.05318450314055
74.9037045011241
41.22554500307639
34.98816709403877
41.264332488173
44.917776686723045
23.65623302000451
67.0876435129984
37.476308302761375
38.870480958478524
43.51686184620049
89.69242470628326
58.677319961845875
149.63895397947414
52.025246266676746
31.07068055983632
50.063519892866395
245.5356327536669
14.19727368334247
54.881181429088734
23.39272941126986
16.845778463557366
47.970214728885615
48.05737415495827
20.84344993453908
177.6106009737172
7.901155821467437
59.63652658670206
37.572762610275284
22.93246354993245
57.75906271375409
40.11179482215581
18.8213494860567
32.55316976532029
203.36628841670853
112.9736121853485
51.817065841048276
40.17557612531505
11.77820666706314
82.55097624728018
106.96877940304014
9.432840054988523
53.33332555822035
92.89318136358077
34.04644661877181
132.53468308853292
249.40322341502352
153.70853221661906
61.332133706631716
207.62669589592136
102.81021390189545
92.64959315711513
79.93236307628018
-11.157779354566195
232.39195138312627
22.321767537546034
17.960185370920836
203.1198997283593
70.3164661560208
22.923389951918285
26.509960040169457
15.127092742587745
175.9391735353257
50.86734153601897
31.30452955265715
16.448428000528363
16.312180801115947
67.73203332665068
63.08417632391178
95.56393578644278
23.25031783291015
192.8075853369764
27.065217545744034
136.7050165374887
43.484413026515384
111.82599386608912
207.5085628558216
130.6755577563526
79.82809139910708
28.137206127185998
155.38434850618168
17.642532744110863
77.11130958517082
33.144175456143614
45.18076623180693
9.62353402267334
133.1702184669574
52.14640769243924
46.11562515877933
146.61240301898135
30.450896051311858
39.21705418918904
72.6495639810817
35.39947833121072
32.04520391598343
115.34688072713028
238.90757554873292
11.351800046720232
-28.209052025869507
9.653508998164282
57.01557367244114
40.49719444341832
51.47180495981936
21.552971790686254
21.81016089134354
20.783706292260437
44.0894810535644
38.63870455394811
121.00564367172143
213.45156481769322
44.21120926722014
46.39259299033755
87.57959752874514
33.17326941363637
121.39386815251191
151.49230889060274
237.0586427423683
68.34815438770755
106.19030062467255
25.743692557922262
139.6758598621723
214.64206422151716
107.11795514980965
196.05753473428146
26.76739459739688
118.56726133552684
-8.994791509307928
4.180030028888317
243.7003974124634
24.423155257681373
86.52724889337377
24.236846920790768
41.19041906210345
65.48610118043732
87.78727910019398
91.08214964014115
111.93539683709842
246.48972194705647
41.696592852945095
114.86922823576691
38.91344237059168
116.00813199965778
44.37025193212554
20.550527042503777
56.24542728908548
29.308336729994043
150.17047567487296
47.78975514551313
87.91704469788944
60.11152513368114
50.190310660807434
16.36147603231917
123.29974835021538
200.44262053106738
79.45656731946518
87.87512899802132
264.74790215229393
32.63277580445818
83.64023904597575
33.851619799399145
26.383332719226054
71.24722726617324
255.539463722037
36.58111423715452
36.11898958222194
-12.518520102526383
-71.12753944195
221.37782009485548
97.10047907677732
11.01411927524706
104.51331492947917
151.11022139984078
237.56343060373865
20.13151471018604
16.175686877124633
58.46881634107048
299.9064985274979
7.704855621619158
228.1806719846246
65.65482615373034
107.0430200018014
73.91918379524039
8.918754285541048
129.20660099033884
100.1859625847744
246.48326341822457
30.460476911043127
52.35466076864364
23.65627542206334
51.496836435330394
287.0766032356229
160.89368296352342
54.20989829014303
136.69956308701765
102.94656635959932
30.403551478792615
155.01719660037824
16.80968180469548
204.4396660906437
43.48838282787925
24.00228706506515
122.97450647001533
21.582621064866576
199.3166420073797
159.353644844776
134.6236032468204
136.9283314483098
199.92911240368053
64.86582612656488
30.60106826810104
30.609894139192388
300.7053100314087
300.9997979142632
27.251241442160055
70.00492288037327
34.555792400868604
35.44139502775111
297.6499951276834
29.077406947112333
105.8134142966637
32.776832651672244
52.33344313961147
296.3491926635085
199.93312450521057
169.86055466781735
247.8642055939151
109.13063717330992
56.63340831385802
224.12243860907668
188.43800634594876
118.29019759236338
70.83305921775535
300.4980186983437
156.35671686297272
33.79656769768647
106.4665626490747
293.550523276551
12.18148894489184
28.79918316544964
33.94747223228901
227.80244248210184
103.35722742142961
53.3589226099299
301.5772984907235
50.678091682375744
57.66637914314307
17.603135494379945
127.26497988786431
34.36971972289743
60.132756740155315
54.39728722898726
224.26627300159672
110.11003396285206
110.97662945197904
29.863930387975017
83.90045527333791
32.05833264214668
21.126907886634886
132.04366402434493
21.046947880254443
155.35757923522965
297.95230431798416
54.566466934489725
116.36543255684433
173.50445270087016
191.94881765865838
297.48015015401626
36.99640386636122
76.41380754603935
59.1866615306201
46.394327431408705
173.34849183015427
246.9894717176432
126.44106017760689
92.33401983397016
113.54492067145243
255.57511229171456
53.57305490096223
30.780315571643413
21.175027636121953
16.680047250719745
177.4348001386915
128.52123883909596
125.03712192677901
256.37024681070517
18.813341049255175
0.08775308710336693
18.754522856608656
151.1643265423509
47.15832213881115
81.00996176389356
90.09440273686936
57.3800898222973
249.46601633151153
6.61811560618008
198.48519432995388
241.2422515465015
71.72939388960664
190.86802205193328
216.94113476925662
218.45216845026408
225.749728350845
8.87722324328994
61.39541263200897
146.83697408247986
142.21928998475767
115.06326272479069
28.455965624367806
24.359337867467346
47.799829414787474
159.2503150133223
50.82267758272651
78.08009297822167
70.43295313787027
78.34756711238616
69.62224836390094
302.856646175246
49.9593736575072
23.602118400055296
45.053362619656454
165.49680299132953
31.66600090239818
35.17730944540724
299.8535503082704
56.68555642331918
63.30778067758715
108.65375877795877
125.82314398248307
301.5067384749825
305.34723080696983
90.15548762351467
68.3354447212877
153.40689209967232
43.414935483447586
28.31397722288967
118.8090953135166
76.329664017925
68.13931938650833
148.23940355045272
135.9285473832127
84.21642575537729
112.29810888080681
152.91237016225847
240.9672925731106
84.0420960743998
50.79817859258438
20.895620424889653
36.259289694529656
28.67495939034844
158.3487482239101
220.95633177641267
112.79904160978826
71.58181454186513
74.1236283015317
85.92569593076652
21.418406411138058
40.37836269757769
28.488236671201882
195.6968373017942
297.7151041629716
87.89343134264095
27.510882457904508
114.95984558691022
111.84871249283486
186.8243626045306
40.645820058104896
45.18188308836831
59.74634390020432
62.7444091852664
26.037887668000856
246.73783518613163
32.802284208950276
182.05614854948368
100.6794642002824
201.10898904926339
189.876615295478
61.33446364763569
49.3480298460983
117.8551770232649
12.58384164810429
29.673585622620454
86.41352757766036
8.679409590660907
126.11704994303908
37.317580944156276
32.42023971724199
187.93174357941376
95.46884311417433
18.61125474803709
18.31538315877567
9.289199545523156
187.66011201620026
22.828059477235502
185.6661913724813
226.63999529856588
63.89643496842808
60.69886399034844
219.13014469887796
28.56919753213041
103.98102218703671
110.4468141679093
145.46399116126267
95.36653456476331
220.06393252848164
31.875252447775246
23.43215611452423
141.46421218602404
45.68745292418574
55.14049570785895
190.3384202525796
236.11288890611968
84.07727114940812
77.92118585209175
251.75033912652083
160.92654346569267
97.61152473857877
53.59200988070605
296.03101554984255
161.4535696647316
177.16429921032432
143.04070114137383
80.6407473446174
73.65273047283658
48.810196127234036
78.4634709897072
96.25174703840614
241.97586726500947
13.494679727857314
10.632510529107726
85.0413334095584
74.7291051259935
46.939689585593825
180.79529984749962
196.89224898517946
284.30943756542285
44.91116791601912
92.60352565429294
16.647932867376134
296.3132992257742
96.10694270005325
139.9709950088343
54.4188270730221
237.47203163400124
57.87785684499144
151.91934605059043
204.38978054167006
89.20052927444316
87.76605673859768
200.9555815718234
81.98521516668053
25.176913446675993
19.96991949484559
76.68581726900052
242.545082848932
135.3316690708939
63.163737964803374
16.764964871574808
213.15462020111082
93.26491831924889
14.652749959704774
37.67974248909516
25.707263535776477
240.81165662712158
43.19437573308684
299.086188954552
134.5997549423625
66.5639347837003
122.51621768839841
296.0339579252487
192.02808170319602
33.41965107429833
200.17740989976633
67.53172124611586
126.55556688664737
147.96773065985371
153.76430147414845
113.58211530189153
123.41586279417514
62.31411224376627
202.21841122539064
178.7076626320117
133.0827199605947
73.01623483683352
79.00541725038237
47.88106901436982
56.964354415843296
63.085713280100336
58.8731604206668
20.563567109274977
95.64361078593072
295.910440962503
22.5830204615419
61.5714192586212
58.68101558012018
173.74145540480802
18.994789778087913
124.06704340818781
13.998757038619987
80.83288394852228
179.131283544258
53.17685755608111
16.294801309471953
11.793152310145398
263.68941841310567
146.97236233797733
194.8989443545743
297.5453827973967
63.39330142802311
292.02471650561944
36.25018131838181
25.320669064759592
287.4423670374355
135.11991434078416
251.41239731863072
53.43012650882452
33.719115697645265
168.72464517542784
66.41539164754066
135.9824980533589
52.56037353967131
93.00679810327036
261.520372322133
67.74842214099876
199.86180941714272
103.43226297422186
135.7500675431192
48.08690438277432
96.21484671716385
37.06378476369069
166.94906620625088
73.02484699363019
22.18483459466136
22.961067042145253
190.95716912299636
66.87529011001874
61.17825379301671
251.42196629094897
281.85958963544306
284.1732782390089
118.70607336903619
64.9476862034344
96.46171349464421
99.0727572699295
36.708511296858696
158.17588714779603
294.9470369620027
109.7515235090033
97.53370497299828
210.7252749079031
138.54083987098372
55.973907161743114
113.94272777651803
10.653632638958598
165.62643989966818
59.835229338842744
70.84166075274968
36.59325576710949
20.467753527294217
210.1037362640227
79.29815421794859
221.1990594293432
77.9467430343044
292.0141811210465
296.9360677676792
111.80721090692775
192.87638608764303
60.34675901374781
20.27481653930433
76.58066559754495
109.42910038442291
24.17508167337503
140.9580164663737
150.51394603678466
168.6210585027822
23.59708947171644
46.940783855538804
90.77595318144814
287.5862467711812
16.646306330213946
270.4667321740564
58.63466892085966
63.941710436655185
32.54198806856884
54.30324073450077
24.96485954134166
178.55711708679547
287.462979192648
126.54311215345373
285.84622199011545
92.40194867661782
76.85291971813949
37.242738641006866
91.10773003770102
50.96941578124401
190.6840195374755
130.04033915637055
119.91111834789136
295.4418753868095
94.85361820258069
232.2380471728159
251.07930330887774
56.344016193483654
12.694052475158745
21.930773101205627
39.30618721448256
137.62557045472974
97.8672526668931
160.01474761341507
123.89655940712998
72.27004846867732
149.24262225635547
172.65557436325534
43.31563303559582
68.00156288797166
207.18179328883568
110.0409877652804
62.888461400142525
58.096159201595306
225.99792914705597
87.5284532345297
47.35361199502958
96.54601044866409
207.79939772649868
74.5325406689644
293.77473778196304
293.101900476133
25.500429299478096
60.59661414765071
296.00836913424064
24.973201886244734
268.7344229892891
29.027163688470303
290.33074304843103
159.9562069743345
103.66808135315524
225.23639109680536
50.252718468745556
124.26333116420172
298.35194236575336
162.83080312229765
152.96767009418917
162.5983851451267
103.32746160549111
137.24923371493674
21.905176026370384
127.26531173341036
128.4180503436682
61.43621815670342
9.75445332649536
8.924563327824078
154.57633640355004
10.64352394021799
87.04590208411715
84.97516668919037
49.87778361610008
36.54329566528278
93.72302819622186
57.28061885475489
26.558301472283272
30.132030692459377
130.8914134265171
171.19399223869485
13.26107663986459
129.22995566843946
57.159728048993266
74.05802158322929
56.87503504238775
64.14049451388544
21.468614968382443
210.78354327147218
136.67449759196293
161.07894575928395
55.29962571545563
64.74804273573868
11.199186927160245
92.60947426592116
158.13312660853074
295.69103182121273
81.48712312692845
60.71670997162411
32.14937256482492
51.46690322891313
289.60538225381606
117.21074972038468
23.562313858024158
40.69011056971486
145.03277296089948
294.39293530772045
42.083178911720694
46.18694120021036
61.083537120567634
46.13017864739215
15.439060096142207
223.71779526938414
36.77990562517939
113.08006146420601
73.24344244644107
296.8516670293114
92.99365449546961
65.96625662709398
39.3630550439277
107.168322596002
92.05447284487069
179.80855352622484
291.10925669941713
71.50087487261675
246.2350741485511
177.74185129811863
158.83656700625085
42.34400249228255
152.38447315934454
125.65812528668195
133.06816255172166
161.03122131955993
21.290727393342184
98.98240783924119
205.19462496116964
132.13958893772792
75.19590926730012
214.08238899597296
126.5802565212772
81.77637533593547
60.588594344796576
299.06946597542975
63.34579046182333
116.83941063318032
78.67907930419163
114.98369123914271
181.14585229975097
295.1318709927192
301.0223941282736
49.60206360817263
79.95201740769794
165.2443816048738
31.34800032467208
118.86466651595197
115.28703698113121
108.37580235380676
80.04148177291576
297.2591081439175
39.595815282080274
94.76838578551292
57.905813998456416
162.26457459069178
299.1227163785531
120.37766206236672
152.98073470105356
51.32747715749344
161.7770376185421
177.43983805929682
62.75411131854601
57.51938737475743
20.559632176986586
141.18676845887424
206.23569912876064
56.2925646707701
126.45166409424574
196.7155389545072
212.45589073481506
198.7138812071593
45.78709499245078
79.81110117313268
32.80577470371189
47.90133747511978
149.20873214420547
301.3777576072432
14.90662124916787
297.90575634094375
76.27047961978057
73.22855161544307
264.7935379783795
140.01236535695327
87.23243962012018
256.37398736959994
142.45651273327505
177.92421023684685
171.75765560138856
68.36210968157401
187.19122620428507
51.14392741635694
124.45319365466943
171.35098310916445
40.68800909703722
299.8179393831807
74.91693880777622
26.7549087700906
69.4201728202483
191.5039955750281
259.03972355282525
136.45520896270247
36.47088640140121
64.4301788688861
53.60762793781049
57.20494320275511
50.028102944338684
50.86605476070883
37.75900552316446
179.96164026949418
135.63722146021513
295.7633347936213
154.7374451600647
144.68586915975303
92.92271752676366
139.64175140758906
66.86531550458635
293.8194814643903
294.3678315824821
286.27060178343805
293.991716466947
95.40168696282556
152.9948813238285
180.81638286927205
164.253226947718
295.78276897464406
292.7632151933618
24.466553680381423
133.39303946752355
17.45390222216335
185.02054190727821
226.6323786679264
168.75795004625638
165.59524767530016
240.64620502395556
277.9773304300647
46.219950563803934
103.1603401878389
197.6238314070936
101.87246202370272
37.69976551293769
101.26703464673713
292.1018338830847
203.53730122761198
210.84319257969128
184.53511719845002
285.4699857988896
114.97947977387096
63.595943389937304
76.92949306857525
255.7386014404521
22.717635925776637
65.47096664234066
136.06952802290007
102.8668529427089
62.32353249870178
133.863895333659
121.69219539725718
45.077209562263135
106.92855923738828
148.65477705237043
188.87701556091508
299.68834144923517
210.73188781865258
301.8787015534379
234.82446369589107
126.62723399541767
89.12388317218554
139.84628710516048
63.43829697316636
165.10537216380925
209.17190312130876
48.21926311041355
166.1312983228582
82.64464669233185
187.99173125835958
161.38715525415867
137.86075384089224
283.107929890015
139.10604454579513
38.53104324125065
241.43443079952516
183.43528903911763
80.69116665670776
84.57380544374513
80.52620134939127
74.04673786643463
222.22313928204764
281.0238440358611
297.8095896743249
16.8182408358138
25.824716864606355
126.54106749100167
92.40095453855771
110.41567788279994
154.56849500541455
99.4865363082811
293.65290058997795
298.2099044717016
70.90992434762666
214.4952747873049
177.7770442392105
230.00801324268068
243.82008622180058
29.95351914715922
68.58059345443611
132.70708050386745
72.11289501428477
74.9495494040462
194.62142318598936
135.7598615337418
134.6989833954843
21.375501354262852
24.169899402169516
94.26297483389739
298.99804481686186
29.52564728785602
109.24804804380001
113.46287883751911
205.03198791626775
71.12183986835424
107.8911612000428
199.86575613503427
242.55476690523275
106.35286165731084
281.3317975833872
232.94168869858967
77.71087398761762
272.4997541367476
301.6905225722364
298.72512964341564
120.09890398775418
60.440339296625275
57.199922163410754
85.17059745791308
41.11046923750266
251.40437238876117
57.697860339055474
301.9728427731467
181.53822641245713
292.93991501538414
301.8183756597333
160.44387128052844
117.38143163109726
38.681505912626136
142.77294174181097
172.30476730157233
299.47265622766736
138.38386754044637
184.52597770788213
228.22810547380945
35.29117487744615
100.25837425831398
294.86470686383
238.73700840303587
295.6738045326683
254.74859780897842
40.74484975982953
123.40449153920203
48.1787594092041
69.39181232733225
289.60474028653323
59.98127366599689
203.66136393622412
275.36152945636746
26.284604657639445
151.68133476280266
11.886474406592544
147.00340483962626
85.24795744720225
45.66640976645731
123.50478173521536
188.05819679961297
289.4987001141408
56.75749465898921
122.22152524415104
75.09289999125086
179.48603029322868
200.55763389284226
63.39262201410654
108.299560968522
181.3180377662866
175.65316957877243
220.8604247319996
294.87874709954906
296.839391423273
249.36885759014578
37.614236508203035
22.60898635044695
104.55013686408807
79.80614133624047
173.45266738773637
102.05612709383729
27.05857408983755
297.9943692124194
137.24959832835145
77.13664234602327
65.23624766881701
290.15388281511076
282.821524346169
115.68808589466735
77.3093655346358
27.177373865103974
25.181241880205153
129.101559078609
127.26091367681644
72.12520327254072
168.90078848512846
287.81613714378517
86.4076413826607
250.52368390365916
234.8320784174218
69.75365780596806
178.149636335883
198.61399067870414
119.98191103653302
100.89020062319435
286.22385386346
78.63221982987042
290.24381722184756
89.79884939950772
97.26329353943161
292.37406907707714
234.62757817236914
287.8975434735453
125.37807272038482
219.5087734159752
32.11522264033122
104.56718504908248
101.61185346788056
296.7158508441167
128.86052254021854
192.34835502085593
166.56406214499285
164.1778689211122
84.95249535357274
262.22695808262074
291.1280473697804
122.71104178518931
34.602866228201734
105.70396407900567
132.68813747289713
121.53275895557422
64.57699458679181
53.0929702724752
198.7339057588596
36.24878550985704
43.72576680291197
75.60032602439944
127.25736240080671
95.78294520963863
264.5994147391924
86.70361896360541
66.28763930253
123.03933421699584
152.0991174155044
292.6894052046016
107.02701362380508
65.73848913419184
89.32200533761394
225.74016591351287
152.6791228969817
297.4606162976589
115.52949768963698
281.6741386567123
65.7417403379213
143.3019348299119
286.2354153663055
80.56571566020081
176.33766266590303
230.7228620223352
68.29021312760935
209.92826814406172
74.1952739743162
73.48538551654464
26.085099965755518
78.4862799452481
183.19093141995998
299.7125484328954
71.86658570211816
69.54660191235136
202.00414434891746
100.76895537319407
215.73208003351115
64.55117859114395
120.28383001754007
93.77286279783834
106.09737090314682
292.2260718623007
81.75154584622886
47.49038209747336
137.91375419093794
77.10943408655812
95.57665110552388
133.8549283216791
252.62871178790803
36.757076328372584
151.0063456566209
292.72852043872064
293.5997167757867
295.2445635466301
24.707455723207442
230.1557685022303
166.9582302004703
18.634934323218964
58.05081454310502
258.1524682872663
74.8086891420061
66.98540792241195
111.0597408407039
82.63527238340927
130.19501275296955
109.27528522917127
86.76118018715208
22.381995486182472
297.1709110873408
146.49960104737238
40.410969999812544
282.88717064915863
151.9756593299916
161.10524088052526
291.0161225785433
205.1745358391417
90.67977340428406
22.909992831418293
287.684229638607
84.20702690914152
38.58148134540396
107.82293651997367
98.45994684290889
81.96460264167929
150.40715678668892
294.65674237277074
63.63053373139105
95.7651972302602
138.21374739705172
176.11006323677614
294.6506108438068
290.0602095790618
166.07337784795826
294.979664496048
284.6545758419889
103.95453505105031
214.29619395770388
242.28371198024604
233.16973558013999
96.80644829294522
287.1310459296829
169.10782973124395
158.02623328488906
25.155137457609182
291.12016110760203
124.47502225419598
252.30881299098763
216.6084730083147
85.97051835755202
204.46034524236444
59.07363217756833
86.83992988407178
126.33163121501602
202.79185536849124
188.4064574223613
290.546853977096
117.56776418211184
298.198932491167
119.88010894894168
296.96740357236325
299.85403440513693
40.157764536784306
297.1017420025507
77.37792295868567
151.84282111828227
232.35985274954754
166.13823696427733
298.4007667266152
71.98262023398888
295.83009107735273
295.8176286709983
16.999638367731748
163.43394016436798
227.3738869871366
28.435525372125195
206.80674898166976
290.57645588539884
52.06115109309614
299.55704380001237
59.725925205437456
142.4712435122716
97.87501568917746
55.68139179595123
69.00733832014602
285.3630506241093
143.7648261561003
162.6417207807012
80.77241777411416
68.51197736473013
44.82657701692355
94.7828771733431
196.74630139468164
34.491417489543565
51.57595353004215
110.21717346412443
29.14939447987452
94.91112477242757
57.49716257630413
45.412483087175836
193.86712902106677
179.27462485433858
26.8126311442436
95.81250939823761
186.79047713237574
30.46382006374311
296.55426201431095
289.4467082271666
168.12769237087304
108.61504047540828
295.99599521446856
235.9229233854758
105.71104963162286
59.16746623873898
161.29638502239828
259.4585891510193
68.40389120990346
118.15486250736815
161.96261048936788
31.2790499905888
117.09788110275191
39.643580354118725
102.82367515922081
104.03550144963464
186.94707628028144
31.63476691993823
73.58594728547095
243.2951991386178
295.77709726934603
61.12066011273177
58.88990296742569
289.27793707042196
45.8030737182293
88.81696844480061
83.49114364090251
111.8011263065543
55.26886803380401
293.7821581361169
51.07246749206137
294.08752516323415
28.17552200871768
284.43840860340214
296.22121157269515
96.78112327781572
73.10835749122744
31.979394731329755
217.67502879529576
10.655747423935063
290.19691558565563
239.15080692219635
95.30122477525602
82.73444219126671
226.89620213851404
105.0482820433993
295.53252757869416
161.2293565436143
132.00071888022626
144.7267896485305
78.37722504541036
269.15665423281365
43.759488677628326
214.8008715530392
76.60152387610636
299.11049191856296
175.51440786420557
159.36226200219804
287.5733787455274
157.4605825953385
286.26807717076946
100.72459032298622
290.12898391689083
105.11046189466809
83.23916788505575
115.75484787710879
235.90080052050828
60.3357929434112
163.16929317892178
292.4606215705652
163.6234414876352
230.08725097141235
195.40210430165206
174.51499246892516
130.56077692178448
150.3924569934438
285.1337867338489
271.34044450226133
195.73546389246772
286.1104210190045
166.69955805667425
159.22006410851336
34.5348528449591
71.81037809826678
164.827757366882
114.99528125445114
289.32287607906807
43.65127978159923
300.72729187340036
161.1227793697491
219.56436029308122
115.12278928555115
292.418387041405
109.81316982097124
298.30196075541335
296.2814477922701
162.81659636998293
67.16351852282261
39.91461994852623
233.61905623928652
78.36694357429502
39.6782725249628
153.33744181238237
152.06535277722026
77.68982279106667
89.56429674158672
224.86285326815036
285.59022347587967
49.29690109270935
145.64698908396565
65.52271801365787
76.42558183538046
109.85592324338803
101.70083376107804
61.354388264715055
279.63321743986614
292.2230810460715
95.02289667299824
290.22619075767517
8.956896436847751
296.72987447146517
294.74425479038877
44.440591525102654
59.53544677283674
132.12622874033073
80.29712956967644
17.644041984213512
116.71926824229283
290.4024993463585
293.5477892359528
283.68849423062665
129.106139942695
47.90190313575727
18.192118180702128
248.11199132221572
97.34684178367816
289.30821286922105
295.209291057757
134.34023318680758
112.0503954886427
194.66408660816398
37.6382061805309
68.28727416824486
113.6800596397945
180.5231933385799
65.33896273782042
120.29330224717276
76.75692027659281
291.7182121943372
99.83753515925945
300.6125496104125
86.78701673588472
300.4413802650702
57.78141808379381
58.367454269566274
152.93625678902436
103.67331497639593
112.1391490648097
23.27252499560017
119.03172334204126
118.37765803593766
214.29344536750523
175.38186224943152
205.18617319788152
82.6204058657326
120.233192898618
118.05741921186967
28.829128695022934
288.8191664803847
166.33614370536807
37.3508574975344
290.8811699569892
146.58410017205537
246.79725841405065
79.70742177844173
85.80440322935141
249.58643177946553
87.16271894570257
34.30103205400952
262.70740881822894
282.611952565412
253.15847039609298
61.82714329094995
27.109142397913452
157.64496765977822
46.04499186640357
84.26146752292145
283.3936678051431
295.8912464229913
103.09345377835204
266.80929560455337
136.04493943846344
86.2702701822004
296.0855928199706
138.78346995924224
42.55642373297241
52.175786993090696
287.78778985612803
68.41835576449768
108.80222852724106
80.52586768312936
219.73857373837086
89.00492676643654
238.38131412639981
201.38434696432506
120.4888658066783
177.81455161527953
136.79887348882545
292.9621428240138
285.20920536081024
185.5441980014493
16.75333365353135
291.70134743947807
51.21160501633455
294.85463952032705
292.93449309335085
28.027197918426864
159.55475570405773
166.28391219383164
118.68096317176644
208.82633747737054
130.66972967008024
258.38326086486086
143.34571036706302
56.52023163638895
43.75318028109643
241.48741142245188
285.63226983552886
39.117685235976566
99.77729285634499
299.53756465450687
136.15537547493307
119.87821705523874
19.040667512999214
297.97631967207536
165.5861088708787
200.7304118834592
50.63132128583764
300.8292223878783
294.0084514314943
169.51885618546868
289.1444190693192
61.031687594283376
212.48358235759827
293.21240902855806
124.75972590154227
117.66867899440726
138.1641929497797
96.78651957411633
268.2500028595571
27.994493211288013
238.58830828013265
35.64027221135857
276.22175662007436
43.772693267227446
181.22295767272624
86.21587766971558
293.43223579981765
289.64066355454713
292.9297327659607
160.43044356001423
104.06915227509849
275.67245630609585
115.6182746483759
89.78234867885274
163.6714893766425
67.89008190098284
284.88145353786734
293.03898390982874
142.74833284317816
55.93585075498373
56.20417865327995
53.3050319057138
19.758124791720874
34.905356322964025
215.92880104441434
223.20492417976746
291.26186395981824
115.86155232411687
271.9192565138965
127.1562864419881
291.0940598221955
26.172668565445264
23.640747628149267
298.98998085988075
