-0.5727399075817182
6.088443762390345
5.710012431632319
6.279381175848541
5.627586402150108
3.885535946950121
5.477749227433045
5.808796328687998
-29.442054033193887
-45.4320090789199
1.9359034460801574
-76.4994844291315
-4.352956918139633
-21.40291280848037
6.2266533283879975
-6.153072750064235
-0.5045190333295613
0.3982932314264287
-0.6597070758262072
1.9846551146991556
-0.3261462107803673
0.44898733517961986
-3.779556921478361
-0.32237013272692683
0.9862123262919493
0.9142800673513387
-35.300462334371844
-16.898156905261793
0.8398782611656936
-3.5361983860681425
-24.592160022207224
1.0399822539674761
-0.3585823850650339
-3.1358796891272065
-0.14143153224016336
2.412958919122816
4.955396307138261
8.99697482856487
1.3964065236027046
6.6527241140839966
-0.6155155783835805
-2.803698197169229
2.5624325923053553
2.57419244236934
5.733312223774378
-0.6888806816476107
1.5825185067945493
4.556340542655132
3.76534866652265
4.928200743475311
3.5547508698968837
3.6792884630219387
3.424389981593314
1.6456116197947415
3.1080198029962665
-0.1511065523084254
3.91155974593448
-1.6052667873048556
2.2091931254093837
3.7507059335360893
-1.6123575471105687
-1.2162815542817118
-1.9918475262274336
-3.0402477163858714
-0.34074987513447974
-1.4533186800976616
-1.8559111106973143
1.8259971621017903
-3.3725936474980194
-2.700434587536379
2.2705418909749318
-4.496200775501009
-4.15853729018569
-4.82932728670289
-1.7591727393579961
-4.361821552221354
-3.791729447687667
-3.7011903161158157
-4.42662128866588
-2.0492293648434208
-3.661040571265541
-2.4593284373910467
-2.9611147694972644
-3.5590742768086487
-3.111416585508734
-3.161504124375679
-4.520601435823366
2.561048610391717
-2.802585722472519
-3.1675574678437184
-2.7545010992418972
-3.4419038161188364
-0.31784550990599025
-2.1699600413795554
-1.2550446504577994
-1.4811833440413065
0.800346145566553
-0.37056298043826996
-2.6039041085274253
0.5906377428285787
4.222378019657609
-1.4791990792502945
-2.0091508804323785
-2.359035614725825
3.139859472184133
-3.0811321469508113
1.8067066085947046
-2.5363727624602617
10.976730095837263
-20.065093489597242
-1.165372334227588
5.0373939562918
-2.0607920911299695
4.706999018735562
7.880073563412452
9.477350910119092
5.620764584854245
-4.956990394933772
3.4590340903413797
7.47917194005567
5.176902684424695
11.940570752268663
5.025088885358534
8.92749076276831
11.112321962693086
5.014357418788595
5.5056493177687145
10.712031736884265
8.002681986769044
6.12043740823368
10.629280901956063
7.671258255510281
3.983902168063447
0.7815278890784829
3.4877075256537644
6.903106098851186
4.649609480476628
7.786340156134221
0.12254024885905523
4.383580635559434
9.649247151479283
5.855703233767299
8.876629970901952
-5.944304899630449
2.894759316584405
9.610022112024941
11.754038965690881
-38.98615926919814
8.058031925164787
15.91501404719552
14.350482151670382
5.068874697075535
2.7146087997055908
13.464834145642815
11.337923943345436
13.194771577666206
11.71428635476157
11.29360670776541
9.760564813709504
9.341889571589732
11.538202699039749
8.15622187552787
4.866994340213015
8.934819257250055
6.249179408399387
8.169613115698414
5.096821846437331
6.788483733989306
12.534791472158705
7.073450064984147
5.749720828922466
2.7892941263255997
-1.2163565476809928
3.3103779482940814
10.379484855395432
7.0683334383964525
5.850081372460352
5.868106415338193
5.812704125604902
6.269344628142192
0.7771651019565762
1.3197603556333735
6.2370429783612495
7.582734979670487
13.226959124994773
5.379281817043197
7.057853466947877
1.5409167031316722
9.11132613004806
6.229719840261465
2.690811915103969
10.649474715022368
9.614193237688394
5.643749985404933
7.3312901920316165
4.578101179129129
11.311632063926503
9.31503852031007
9.888590084869419
22.81709955085379
3.4193905150921386
6.2954167187673375
4.667553985662136
0.06362170553455493
11.571678599546356
10.38118327733129
4.405479573054864
4.0492840130801016
6.233870877846143
15.000307016067836
2.2403596276125572
6.50850476832005
0.33199384308544166
5.904289986895399
4.75294011520967
4.568119349409515
13.244684363555784
29.054024549484883
16.83673798524402
2.204948662595206
11.46627985312293
11.089445860535529
7.562892099230238
12.173057485929386
10.294382480485366
10.26200090903354
14.370812854969254
11.142932760272794
8.650487184030927
0.33649383428444324
-9.058406065075346
18.324573856693387
18.833491739076877
-5.37011316391515
-0.09179172543249958
10.735523043331373
8.753038643654744
10.652983961468564
10.844974156368519
6.7884612808134435
14.01423656388869
9.385067484444626
13.727680704322953
8.694843318977698
6.0197395560033655
15.004219335647921
16.572070597706983
13.066691727975382
9.035253183354934
16.40975447137281
11.07716518328401
12.213095089115201
16.03760846969734
15.193161957378504
17.855867657122516
13.447781105052677
8.205153863269215
9.594547856591957
10.28711749276892
19.841423061497515
16.76152186404231
15.243567538669954
23.969302525245887
11.360334190759179
15.050285184198984
9.377997584372764
30.674979961115245
38.56036294815191
15.187137848795075
14.638487368910265
25.200956747887666
16.516574947114414
27.014214797195056
18.17252853517792
21.78880573405697
26.565521844163232
22.032349595233793
27.222412012612452
37.80723056385669
31.084279676874473
12.612936442651487
30.206344016345827
7.148339203193158
75.84345385865124
24.69810638169323
73.04837232007581
24.8661357588532
13.570786168258632
65.21150154112276
17.12892476793689
13.360830188395449
13.235766125448043
19.968614082178096
24.931239698692533
21.395120726923768
26.43882899258844
14.310771332008143
-21.73518327381312
29.63724984560907
4.078302186169349
-28.931415799894676
5.250591156181575
2.206841309412067
24.968257653230797
8.347115008641035
46.211714745412266
9.09837572023459
43.9568016960857
9.722644772001226
25.65910384080249
47.82287648607073
9.305123087804155
23.985181769402075
31.568671040851008
31.383611922535444
14.939192829546828
66.83516261019803
38.69171173879225
56.03646813235555
-14.281063958030149
19.09198298098643
-8.809289286568767
21.727929440928616
21.000444388913294
21.07538829372823
29.566311486441
31.992540402154752
4.8555529776426765
28.018803275092186
30.66354694325663
32.92626671176654
63.99141864105937
89.04148634968199
27.391436666404207
31.714957107621252
21.983448176089052
31.390963938464154
14.918146066504221
24.43820958334705
64.36948695690563
15.214243692912778
33.994865880614455
9.170285615773864
21.175414015283184
34.10792588429713
24.042570683461935
58.70637006368675
57.82488961846385
50.03351417556219
27.14359895942359
31.03143230123878
27.878108953244357
27.80619786908911
13.85674474519615
36.99119621227744
14.849862816339988
50.858494634065785
46.23000717480479
44.27216325837809
19.35569809087118
15.79276627152786
17.239292353451873
14.19544060457188
11.754638064212157
49.329734560989465
57.482746618716675
14.33237436004759
65.75256160110544
40.76791326879401
13.955577929668747
41.01743180096148
6.927096293204154
66.11797143462985
61.01304390672971
12.690770086331291
40.296264706609165
-11.737256307385861
46.15894520122993
19.671802996857092
24.18773460777414
12.175472668559609
30.402228073524313
21.48020547501433
122.80598094556579
106.16303015075866
10.186193023271874
60.060586604335654
63.3381027971506
51.96417661869529
41.192485041005234
31.032604636831834
36.44124680234677
31.92451335069908
47.73228729630138
55.91131668966201
95.52442638007803
68.82806005498888
24.713590002123272
22.250200986587743
13.629872354709851
20.284031962170566
20.957661379194512
59.53778594121429
68.67914367271152
44.76871492895421
56.3183084379068
55.68642611950575
14.489878136022016
63.18511885154712
28.06006698364764
45.2233813004469
29.071872914066525
28.373117980834717
31.088527534656848
60.522875198483455
35.492956418140494
44.096968724563084
64.46339439987018
63.29113029472779
64.50926285533623
15.172010373653222
81.13019167530105
14.59006915356405
13.99806259843956
52.426552119145754
33.151702006685866
88.47814515593709
30.907131592810153
52.53380878892105
50.566983060324525
18.837010007018225
-2.6024992031455043
41.48452897161681
29.213864844837538
76.74287821575471
27.50731187364707
41.90906184643319
32.53788626747083
53.856311083834676
55.450719304949644
73.63767174918634
16.04541042217674
57.918116161167006
79.23082116917587
61.13825134409899
132.05817635118962
139.37715409911974
25.514665246160696
58.62225333610672
70.55416532098933
37.10709335194839
93.16541223507366
100.53155807698265
97.83191194658795
66.38921450905
139.17166213950514
53.345158215515944
35.900785763669724
112.4219498006322
36.45005171244282
66.75234676009858
127.36174408316123
85.0337108471064
41.64111537241561
11.98758187762648
47.90278922128616
50.656785740135255
121.51063081513969
53.67473325135996
137.10479883479522
72.29471237731477
29.76210507234031
101.19511359767935
147.11706215548963
100.99150416001244
16.700580667572716
55.12820640854445
82.34783573710517
74.87454430210157
59.145047344668455
78.59418400580125
41.63089882827364
52.06804998863005
25.661962172096604
153.44341594122062
19.200217081213676
133.6967130468748
18.59092519699348
132.95551724246258
156.03414323263468
138.25305309365487
137.7007260353293
8.50351775743999
119.37593084846941
92.60194451140607
152.6419055452502
43.752314959262826
110.840052306824
63.92622049467205
91.45237165586154
48.93519136994951
92.32746548413111
56.23863828829739
140.2417092850414
58.67799303235237
114.80613801602578
23.332028917752833
27.987246665936585
0.3938214935765951
109.24949151724822
24.33292069770086
7.726231432064749
307.37410780989535
34.25320405507212
86.36397394160493
87.39340800417817
91.8229749740257
89.79820037792939
15.74654062572619
20.456798016825676
112.72222655694554
29.22147521967316
96.05805966650317
52.32847050937263
177.7470529335359
99.59416363265485
88.89042184290409
45.18964002964706
72.71208320818035
121.04804785744592
280.1084250997131
59.51488203416704
28.67714563934939
87.63740726686395
22.085392854063457
94.7180517577095
27.786716329049945
22.221958115243034
106.91980043496375
67.51413423739619
96.45274808135069
61.72168637564156
91.51139768948156
62.375520590838065
165.8279918075638
161.24251278082028
313.17391519924615
75.00290394371005
49.65467992591919
288.9032654237682
31.32556751181186
88.63677682349649
130.59564918184094
29.285699565878744
308.13872831739883
39.19247922487308
108.95129817644201
46.54141124298549
33.003614599467575
30.457591617602233
6.967857857692362
9.462486055739847
88.44761754594991
20.07194636609651
49.842571171503515
24.627294572112454
49.96964307440941
11.532613553669924
39.33842031194582
85.31165337384435
89.75514925594683
143.69869843759454
34.12611824532104
95.89164841804245
54.45778680827403
121.25490415350536
161.01361830079577
105.83339415212478
86.78105836626081
191.24773360005142
39.38912529147664
42.026578095004574
70.64667496100624
44.31116049664219
12.129421179136877
92.28505235415385
31.107504515513796
32.36384344192656
310.84616483391443
31.492974116866172
57.128398136520765
263.9747301243712
124.51993244679333
97.98877429998792
26.345337155521538
126.14107454305835
12.019357631068047
109.1298596609676
66.32365208138108
35.42222483197167
85.51431698147579
55.70297483680643
43.71005136657878
79.8821367700417
37.83386482450118
58.567267211967156
17.39001201726869
12.934895741047331
45.317559241353216
90.97216792402666
57.06394115003137
146.98298716927422
71.8333876798923
10.802395358453815
200.89170290017324
2.2646865376206264
52.691445049578356
19.726943863023692
101.77003237203544
30.37318176735258
225.594389236043
8.749517632576943
53.59089349859271
73.22634910455777
26.224938758520416
26.8640774425771
34.63758903290951
64.7892303942224
60.246235516587255
271.34699520805066
107.55442736405253
238.29669390126028
232.07719737164678
13.629052485005936
27.259057415582244
100.43318334352783
50.902601024749366
267.18178518979
304.1551684309738
28.08219451662898
51.838222064467466
58.52151154414258
126.59577089328556
37.30995691205995
32.20964696951459
27.887088060967635
37.25826945859194
35.380999338763466
103.05726183173381
137.25544923545547
59.521083229241256
53.24655765332033
79.5474478507831
18.214372189973165
151.78312960812252
87.24137598408016
69.06725795275072
63.14373690504762
14.762363832691063
61.73484837552718
33.219898652140046
75.79163456126243
52.14528282378858
23.793367857151974
68.26252589613446
138.71377188162646
95.2313139464284
94.34844640320533
240.67167538021243
145.3550901980594
142.56596017836975
63.1434559474873
161.6410111470491
104.99402198935846
73.0146580016197
29.827613320602737
72.45010175773157
74.48940287431078
129.2416529876019
141.3869504821496
55.64443197349831
61.61812639726578
79.54488636003096
82.28875408466845
173.30452771532114
131.3750959563901
98.00407794215968
15.611827888781832
112.66419880510931
90.64572860830344
63.79474771239268
41.32940004507576
37.872639323495335
39.11039819839909
40.104035000560806
63.26146205068754
310.2952149943333
104.4627705063025
217.38022765662683
51.00386791011012
81.53629203892997
262.5164326404545
185.73868817399793
38.52723341156916
277.8751558006222
14.623335663650195
73.43604753185188
309.8140511263006
57.55269741576845
253.7810962600812
273.545014379186
250.91975498508899
112.00573800313965
268.1315717803937
63.41579428953365
86.2604642373727
76.97400037800274
54.162097855060686
313.67615676534825
103.77203967477628
11.01397615364877
15.796234701522309
220.12220035989097
74.44719835979618
33.7091029759183
244.0430161444425
95.68779125737342
148.932136158161
112.54779594670849
88.49743858401533
99.49987002975492
144.3003167323014
20.57612080618056
258.88916322855397
198.55007730072165
30.779789782700433
10.510946365298079
63.82297811338181
77.31475280805687
20.20373198258008
66.56609740107073
59.00882152218061
184.66364171520917
251.12354185812686
56.61708330876319
95.44022155636729
96.77288012609382
224.811138602243
257.4365404996309
148.36596208765425
112.00781889776633
74.05306834190773
71.86019519346391
137.33017390280762
75.03439882025067
314.6116789294904
299.7540240659704
311.38515187367483
20.775436547058927
58.34619887087061
227.06257413340836
25.595101228880388
79.95941962449874
312.2164423348408
22.867615080389506
65.0543428373714
30.990387994363285
152.55087864059524
49.97909276785515
142.01003120388455
102.03636470807461
314.88762022930985
108.04729779423239
313.30611831150986
173.2666566339257
34.93802118640267
279.1567723784085
278.2996824495555
164.21290302918368
96.24367568718456
250.95437014619318
46.613261747168366
56.74715528944381
137.00929700257817
314.44281905031016
314.51772004539936
41.742645570705946
161.6177662112625
91.9800198350946
75.67664364027546
312.3091756965056
214.33080898862264
136.23980345664046
134.84679603635772
115.18126504940412
313.6960549569958
76.90322564847729
14.398409559598802
33.175977729604575
111.59829859601516
45.71726317099
20.246300386908157
74.16249404860538
64.61233315893135
110.42448921661902
30.551367207412916
190.635402838779
314.7039412569533
132.73043184115994
147.5444244959615
92.11577541739308
72.20932091218108
75.57595189377481
41.395312842474
135.12707303719537
126.8600598197729
70.85037563349523
73.25453081314825
162.16910495267243
150.97711229430385
172.01004675967624
150.77804190979708
48.44233596774935
26.110012751578044
108.06063179380851
98.37799071493991
248.36018184716872
122.15793361786754
120.64370855574818
115.28996742266577
308.6214695337741
158.5439102752719
137.22349027002866
221.3512265583111
124.50761941925185
159.78448294903728
126.84057578037748
13.579190827102096
285.61939683820674
170.53075482026745
309.5407689580791
58.135424580446745
122.8666771513136
128.7978734085237
290.7082407225645
28.214358552100745
102.6969431635818
312.0759496762344
174.01466466896497
22.88215001165743
293.2500009177201
114.42943493078603
150.93194198852962
61.5750488260798
25.166367384607586
187.53529867256213
219.5494186970254
170.00371484265574
44.244521129315096
64.44971731611714
136.05952838243903
60.38177729271661
69.14741431174427
150.49516281707145
204.3319758510905
315.37378543819676
115.83701932085425
24.695789251741015
38.980097708188005
45.212346585948
111.27358816139838
30.244340485356737
286.0657540148791
206.39464314473662
39.84239593690821
96.33385565885717
121.88189914119371
112.04595544771536
99.286676301199
265.1508422137163
113.58586715230032
30.429217983525245
185.25483059075785
312.3941353841594
158.40845809791114
34.277500662946466
151.959678497546
187.66877572070752
161.4227306858724
137.9008009716902
104.07071956302602
310.93604111769235
169.9696033598898
116.48841851486837
88.15068367321804
67.7865989713911
71.60666866999307
40.61276457540508
152.3192892487235
98.06323640163802
116.38087552423002
28.51966454573969
277.3782575451946
188.86780542315833
36.142116857821115
158.68700652557897
186.80036408328547
64.59953347055918
310.08490936428973
100.79853023864698
194.77634555246726
28.15735643151589
185.06013405443977
53.37391751018694
125.36384603474967
72.18906081410825
74.272548332423
313.08076725535057
78.8793355419865
42.6256029351956
148.42915513337232
70.05743161824591
18.18335393695038
61.18917671532684
34.14225618390553
96.8532801260348
96.18098161988705
66.00439786753118
177.14193668872304
93.91713756947097
42.08715605320595
190.01029910130228
78.36178062393608
177.20855534895134
217.20149147894602
132.79788124104684
308.2915554520359
111.48151350360105
251.79546555252537
185.31435958100408
309.6269844317413
303.06298094616056
310.3515496009267
258.3079268641919
19.220104789925735
78.06130202904215
55.21867651093193
22.30291945075678
29.75120889611108
78.11798625639823
268.1541734739816
196.0457619644746
138.56551912214493
25.09642448765628
127.64630709482472
49.034528204378354
49.886618368704475
131.30039470340498
27.143638812099272
247.09239649288946
122.70831480045594
78.1041976421817
111.12004314756523
56.83676888704174
161.33929798259
58.50208377138895
164.9573828449567
256.26780668529574
39.7229057040109
25.84587902557601
184.37134465439678
158.3207912394479
75.27983127678124
218.44254619931698
172.65065489009066
71.31988200769202
21.280696230849877
226.83417755481173
122.74781457930318
75.53221748207443
30.38222007539929
140.59749866982432
178.09238282492174
312.8358794293989
310.3982305472476
49.147702869001186
172.00186878997042
155.29157412592687
98.06716270798569
205.49652952974165
152.4252730075295
114.88404288962485
75.6731511095061
148.07997842693484
163.9486774568779
301.14249721996384
25.131163180754204
310.8052075793018
95.42459309591297
67.21639630643526
310.78716920080626
22.670913506219172
311.0285470921262
95.69964047124242
216.06648763529148
310.75773175741404
309.8994660834742
60.59233035676803
88.8104348581899
210.01555746609333
45.95391442437469
97.84863023411985
113.40096931305524
310.89497483807554
38.18933665068136
47.507355757109806
27.907891370380288
129.48118362360879
212.5496018894854
45.458095166886245
298.4024466572073
185.53512982127947
285.1177285753331
66.15383810453986
103.21657751269511
69.19870811871377
74.29259827028527
42.088914703285305
134.6468917300739
154.1309919339747
80.53559969772343
302.63999506669523
312.1179454881267
91.31195967814075
310.85947921405733
19.630313816276708
39.191866739036534
45.788325198302964
11.192390915027515
46.101212321538505
150.75937988991979
310.4815482955682
102.33444081252878
70.77504519069728
78.26734349695037
119.60942621890604
63.09033427099513
12.820337183914452
312.9614543943037
96.30686532015227
308.0229120653575
81.67592093971315
99.8708548289718
109.2947527974596
307.8313837052531
103.07488997002937
311.22182429413823
59.59453960975816
266.7829453097827
206.9246200337187
115.88596492386169
310.60280262242327
83.68398330151392
91.37083306325039
67.05089459301279
81.53510775433796
96.81993409177666
54.56229874524102
67.85859134257525
28.089676459979266
156.96375341655508
269.8246303818968
288.0915792105823
-45.14555959554385
25.94784840311172
144.1767421214699
86.52871217661936
214.3422896787861
116.60091649611536
145.67678974560022
185.81519732376466
16.35068986567171
129.03643341373646
309.9619632964263
61.40750621612185
55.72045986853978
223.57988954169934
39.76598927578889
74.05643697359226
310.79970375277674
165.40194565088748
30.157125494230527
16.296128463223567
133.05597208234173
81.0008695153525
279.50708752889005
14.460287127584845
64.3821880393047
182.01369603890143
36.809627286247924
33.951910462286946
109.36249685598115
184.43689508421778
309.5900560711577
304.3339926524228
103.30167136301343
189.89153190536425
61.32327715365154
312.5513107889322
111.92235069382437
25.71157080856338
72.71797615910451
10.582595551975066
158.82550491019387
11.029552790320174
179.88540393126937
74.77953315518673
309.8867255733897
165.36781141222207
57.37619677759894
29.010805934154746
98.7193147761806
313.27706817723544
24.85831519586779
143.58589622701064
307.34177063788763
-21.244418525651096
168.17570006253683
40.49732501431926
151.17898207911173
254.15664378782864
201.88192633721962
311.6472078545829
255.97962093754302
81.8227612205334
129.28568119496555
67.24455602793456
157.00662402208638
131.67993788179191
243.87676660985153
310.9606145600246
70.89978685653392
84.53472836361634
307.80748894299484
312.3824181937267
306.55642367739705
124.77429432466506
82.4644118448676
245.59678095625452
311.35820643808086
257.35944209847565
107.72185800524485
102.45940883479602
308.6015306384159
212.12819164916388
150.82470053229605
84.83724853820293
291.0708958715374
83.6177023853522
307.6711283293027
140.54143198015726
309.77413701740636
127.03879198593575
313.6576552387837
92.11060809659593
137.36221657226804
43.27627118754262
132.5004613752023
90.28192514741728
124.28715538386258
33.174840499340256
308.5958724543573
214.96978218431522
134.42542006892768
63.59853247297619
202.30460009858038
311.79710631464906
242.4156299974875
90.29761390472757
26.212341410754256
271.09637886898463
132.16328924186902
138.36491493542366
304.3152148802642
256.86665835835356
135.44391434599513
71.79060430752858
313.160976685914
86.7812383380893
121.7924911250385
312.5601268138628
312.5401612278728
309.94780450935656
111.109915038132
132.52253544064624
41.820738817928344
219.0411187354841
313.46046564358636
289.03878968446406
46.11097129274966
47.776724250082545
313.14164187040706
313.3926104456558
313.0945518870218
121.79914256112276
102.3184816229058
38.107299570684035
32.468443240746254
62.89534954471947
175.41115185367929
173.69885193997314
38.82136125434036
310.1457023832417
295.40955904156357
312.2028100582537
162.7073794433053
310.1121459021768
138.10584355725163
134.46918528589117
306.7142762214965
172.32577185488176
233.93705705194898
164.48730262919204
60.79522177647241
264.5035805452311
56.57032456460686
60.11668148562313
192.95598429430248
310.74085689542676
211.00554910218293
311.3034527943858
248.45402135608822
309.4640092830588
21.8840807555113
247.33083453817446
167.4460952155693
181.07596554996167
314.24876513912983
251.1599289507033
185.85426781142502
310.7260041706281
143.01145041390026
98.24516294884248
131.41757974385735
98.27819228014039
308.7244195577968
78.03635590590966
277.9300787032198
310.8097376150899
245.89115297671296
312.58949246089554
126.19267108004114
28.607819643249737
311.0239634158119
281.6075035559413
157.4934210640639
30.098552946584924
42.875638701643794
312.9994899103831
310.9272921487421
274.47081934526113
309.3172979284107
307.46863940344247
282.03262746103866
122.07412562779272
309.8111867511289
133.6802690542695
308.0375527656575
97.2839027629824
143.47689454495355
312.1382408917461
200.85645890477548
309.9965536220811
207.67340430347755
31.342418732024747
93.82826979431695
226.40313712616876
76.83105590623369
76.78123855943791
229.84306756067457
122.03894113440073
309.1814007481889
313.1578002167065
199.4817942089146
260.3526307334664
255.23519629820433
294.65409036916515
24.115063712634143
87.21560101976608
97.15907830691337
307.1940502923831
156.6774332338158
202.7915406230662
107.09256630814876
305.1092789110755
158.60531316754418
124.54258992578153
214.89843564465656
200.55264342500763
309.68343898823275
49.62294938738706
312.8064344877607
72.4153706565524
63.315133339830375
304.96072370546335
274.9461372553861
272.4912101176653
134.72490454713568
309.58855584356354
97.57337979605231
204.99657475981792
78.26642848950064
311.68219632555076
305.8922768083308
29.956880762910462
157.5515110957026
182.55536097740915
241.87624647021875
264.4048917737589
148.28081781622694
32.80911317367168
311.50281194046937
109.56069960046125
44.25996672325024
172.4728643317426
132.99182987992356
308.0179689266256
311.60748134104904
247.35043830259949
79.42780252607041
311.91013636649956
212.1382971599382
109.06626519444083
309.29674228947596
313.097726315478
304.6564134335126
170.35675176142317
310.62750813945394
306.5093177405504
174.3366881233998
74.63304513210585
62.34704683428442
298.8418323370249
159.76486619700924
310.04110095773007
310.5779078492365
180.25992587730616
138.7511898526382
195.7912050419852
304.80493576522974
309.16281236515516
307.53972379454433
308.9729077563222
215.76303914833892
294.578547706743
187.81642083944948
306.6940356949286
309.7537315734785
120.73998126874613
311.35559439572836
212.82435510409323
24.118673112707214
55.60709340723727
72.01265347880745
309.9172712230492
136.7408071655156
307.48796370211704
270.37684549549766
308.9057566304022
305.2827679299641
54.43001190879693
181.97617545712157
286.22482618309994
238.73033062477987
309.09784248921255
302.9014694384593
172.66217914155632
311.8953865762625
312.8250784465657
283.4776123342523
303.3207842946845
78.27842121695508
312.2212925848614
74.09520349733343
304.3319359404011
273.2599176519256
106.94307512422404
63.87171163392251
66.59121051083257
235.852510707733
310.77124558243617
310.73863454359883
232.35628201883992
181.8993457195398
276.84268823505795
160.12471829665947
112.41782877969617
35.613574516487
307.6887321527055
192.1638063924289
120.02862070272059
309.27762450329044
300.96608159775286
82.32000020756571
156.09292578523724
37.360149819598206
298.34789308070236
64.95093576189441
198.11089304531288
304.75214958435856
248.87514485020833
22.981777851420137
108.5913049131806
300.48348619932597
112.32552266422095
76.817929227598
53.735507024037354
314.0193891372339
219.07565755985735
181.760411391537
287.9417524990761
286.8381088868205
308.95729716797246
308.28586565679814
306.40958180858445
139.404032716201
308.55522843428145
221.95824872350877
98.2981659822362
309.3973805968207
128.1117805089969
225.08292487787128
219.6204122298079
308.23595657864655
109.10988974095945
306.5145596080664
305.11023041145813
298.54271478313717
308.0063221483421
94.10741982659385
309.28282675704844
238.95558686755234
64.66059315544432
120.78845143521322
264.81961948815024
77.75666459585976
83.06705125738863
84.76929226102366
173.83934593602342
128.98821186351464
163.4452463088215
308.5574865152793
118.98882724147302
177.0265341212321
158.88078702220292
310.82784945484417
54.56719983906667
284.820770637567
308.4272726084412
208.9088664915857
177.6316576841871
310.863714513861
306.2892994188404
47.45219336033674
293.50044641277515
87.20456521630156
169.64954940876297
308.3963894591472
306.3810485176466
254.89903067468694
94.5832766062387
301.18345100790754
111.01378453907874
310.5740289315858
295.9546037657607
99.99163869147677
296.9854475947023
308.64701031308897
308.7556309447911
298.5473660837238
100.63747875340653
275.4888890365631
294.3683753065517
307.61591619691825
40.273646955089035
239.76184651616109
165.91359467424493
308.56007316673845
253.2423525234217
308.4222558011935
309.4334895038479
181.8746220928734
307.709392540406
275.3167102386551
309.1004679600198
99.53629115198002
258.93450244469466
287.522462996375
131.5073047812377
85.99002429119372
307.1361802027742
259.9813415145909
303.586101254979
307.04314365035873
189.3431043963771
303.3120353812754
304.36800494137356
230.8648800753497
307.4212490382024
307.65938401304265
98.8119266670855
302.49057383178763
307.19465387367694
296.2597403541443
71.86034132442312
18.488293470187728
303.98540543515816
302.0799187850493
139.03783674155926
301.7912205772941
305.28286994327266
308.4732860953807
22.537036292134477
174.28470364142765
303.9808580100413
304.468968666089
118.27323946855789
295.20740539014736
305.21448708123245
309.68730829240286
301.6481193262464
81.74080339455914
298.8005910586732
307.1574886759744
305.78713804003996
302.2640052966206
303.17986379191404
300.27682942994994
223.8878038580133
49.15555946227161
305.70209886306765
306.2792543905748
178.26573611860402
248.22632748051572
303.5395305732125
301.35623810514835
305.4154088402467
305.47318744312645
306.09530963415904
302.4913937830412
302.8495758772987
300.5513661135639
303.08366080061734
171.5469405222118
303.8880466960957
303.4002086951837
300.9259840895608
263.38342381750095
217.87812396063902
303.5386708799006
308.45916179995265
307.06233576176174
308.77108993153234
306.34947460784946
135.97578478117717
95.16448362848784
304.6668553946281
307.24262346840146
302.1154411482358
304.642594693651
183.58958548566645
307.21374853580323
304.0655353160825
306.02105178211514
300.8314435044469
88.48073917325961
306.82042474929517
52.349797769162784
100.9692637675361
306.59244877679987
305.6031962735932
142.0299347417571
69.43622415078868
303.7046411583814
302.41751932218125
211.54560689516748
33.6597815464381
301.5278312278485
303.2703920564459
304.37367092243716
303.68909463282665
301.8307760591805
45.4196689897434
161.47633475840524
196.40572550735777
303.72808867066993
303.37453501216015
306.75087611990193
306.7133196572545
97.67796880738122
165.31172379536065
145.43514847128398
305.72813823418
307.60233982492684
306.6808840547941
302.19355355871744
301.2861770209491
278.4477692495276
94.86349453893986
165.4564999939079
239.481662569792
41.301552055518364
303.4868901944012
307.7907189237521
138.50796314076214
132.56892975481415
305.0417279616534
307.46773104274183
301.6804736933979
278.28474294554746
304.1495548060556
303.4937074019839
305.37723997670815
133.3861459319106
305.8293694006021
170.77242923580468
282.5872055004664
305.37018248231954
303.75745059254496
305.2602792781552
274.9943241757795
304.2104039242158
306.7274272028284
304.71028625438964
309.3790078083521
287.48593890824736
300.5315472693985
303.35676041450813
306.7373565693999
303.4525674267379
302.88486806754327
305.75968032920395
304.62189595107765
142.59294146351579
304.2605419695634
195.80184829013805
303.72116898532647
303.12014424516593
305.36760731280805
303.6053427526252
304.64433438403603
309.1128261814709
307.5279063406012
301.9863825417806
38.76454245121901
305.69552874500846
305.9702486038029
305.5369111375792
304.14454837051903
283.8771051279403
306.8823346107389
304.2291748573593
308.14754295230364
241.27886480963605
309.48758057557416
227.24496602145018
304.35117624501
309.0728864702859
305.3915142885254
307.5093845692083
304.32494184378055
162.8316738093247
306.4164734379221
303.95725616473277
241.30499011263439
298.52745795921044
308.60007255657683
304.94984811802357
307.32523435033426
301.4680463769124
256.29268826658677
242.83801400710476
305.87721102412985
303.56202510628304
306.85932736732036
123.00014594775068
303.0680857550541
303.2118941862193
80.45106287441526
173.3835643817859
302.98015579839534
302.0845680708285
306.45254677194146
306.36367324788677
176.40432706261782
128.40284277826424
291.5814121686194
308.2003795939823
303.15982143838005
255.91764793062708
306.3824144908554
306.2818490164307
309.00010022924926
305.71539790144254
147.71747632630482
114.11037397426743
302.6346518634609
301.3834059637143
303.8447998879096
307.72969355376205
304.933534671757
307.3912965210916
136.6817194468039
188.46860787019082
303.2466992732117
159.74654768870087
130.2229881110054
305.97865287035677
303.99670471917045
302.13477990700073
305.24177368304214
305.60121499807155
306.58909890869705
302.09944383685496
303.36384064431667
306.1011715612376
306.0109423688298
301.2526431396111
304.215662820268
307.7736912154652
299.3605116869636
306.15847377232825
12.226016758155705
161.35229770173007
302.9586267872029
303.36500030703826
108.81579596015503
119.52319938320797
41.23183139291079
187.3985442358578
161.29166054233022
309.04848720421865
306.6135723440038
270.97833435814596
302.71945556909463
299.46928627556997
307.16087210000643
304.76489993453816
296.54187485202186
300.5314805990816
303.09696866376873
184.59523519933174
301.31312512074754
140.63393468648133
304.94434208053434
169.81742725915208
244.244344957473
246.908547736373
303.1119919524698
129.89999978977312
306.07463628228913
305.67647274176085
305.10933082583915
306.39681369987113
307.09427394805175
305.180769008372
89.11654230193548
159.38081357591906
182.52762435175973
24.915162430393814
305.5368796875312
305.16306365955023
303.37196028306107
306.57654602066657
305.6216488850273
284.14972696072266
308.1746919332785
307.13319595948843
304.7463342825368
307.9489393136356
306.1965144766609
274.09824482855896
163.20528382601773
51.908071716496146
37.66382067844148
304.70670459348463
306.7307699478075
307.99454965702427
307.7066704049479
308.9484409330901
300.32835875550796
308.5716178953561
304.2108441962603
305.4170178904747
303.76041247539376
307.0014738420869
232.0443005532176
307.20225471427176
309.5891832357424
302.4716322577599
305.64384863283175
309.93395353095457
29.54827655510853
307.30174874581
306.2487882953104
306.1929476410129
27.267121423823124
303.81386268937155
305.457540879958
309.3485345169022
236.93969789870835
301.1570412458483
130.8595025862839
309.0038655293489
302.9032433878534
306.13573786285207
305.8099002461453
302.6375872573302
234.01172117199857
307.8266846217838
304.4129653859899
181.96060670713064
303.3501006577779
308.89795213112984
303.42383186112926
247.08797452095624
305.5698400911065
306.56616844614143
170.89879605443804
303.36504064731406
307.5339648950372
302.1493288651107
306.27994331758146
305.4013260956787
174.55894716234127
284.1890450969935
306.359906980458
260.87769840329406
304.67703951941417
304.8352932074111
170.02038009353498
308.5445898423834
260.5766986151711
306.4585590492112
303.6662494916569
304.47897149794056
266.9771967227116
310.71107414683183
189.73188319074666
299.2056272579395
27.682755210549878
307.99033402856844
305.7482925656237
302.5321828461175
305.65010703023125
306.1847067568691
304.29462217444717
269.4379015521882
302.56229831540855
52.790971546843636
141.10484035318518
305.25388781751695
307.4521134835449
305.46699054677515
308.89351483734225
306.01842892716786
284.42198812465534
28.66346574614879
305.0317504072501
305.4793894976865
69.62235824462708
299.37417700051304
305.3093424770088
176.80095472086418
134.99865484264745
304.7650277848395
307.6295352933932
165.33130925314939
304.5655309498245
32.791231411855655
63.87325554042495
302.2376921281432
188.63840440667337
301.37279574376106
301.5117599621401
301.6680494086955
305.7120315110312
308.3266111779986
294.677003940826
303.92215565365484
116.96592816678059
298.5107674125401
94.73990695838624
305.36980994489926
304.329063060174
3.322181944884978
306.6425616845171
305.39291969746785
305.16915494123737
305.62142220630056
305.176585156561
304.9782485882535
209.54103853561628
308.1960374878137
301.9375059244087
163.05313690266948
302.5020844306921
298.9686139264995
42.040915587660855
205.4755801233694
308.66822972167273
49.036592516071465
289.20261143789867
29.660562090458345
181.07675741564339
36.41724100979852
136.04772609520143
303.143335905424
277.4657557705088
308.00596985064834
259.41931163883487
306.4715226425985
305.29943549556
301.0149659742483
136.3287448490975
307.0326817289044
88.89054089054149
308.2789168154613
308.66252084353954
173.82304991898263
294.09472022584714
291.91335130810097
305.5534601340573
299.30098696265446
304.7023786627325
303.7575664923281
304.34365038194534
302.9530586859763
306.59086597887534
272.31120787420946
133.20311522935884
79.56383792841002
299.292282078849
179.79751951327594
308.3337962707183
306.8303805198653
305.9522565408345
306.41624641186536
300.7509156033066
303.51795501540784
304.7193991699579
304.4332185223669
303.6340172677419
307.3793073931467
304.60715967111173
58.90192060450406
301.4375920924692
308.1711600387852
82.890777792898
302.3359014769552
271.5117512135802
231.77200885246978
178.50190194237237
294.53816607619177
250.19806399719624
308.9716998583673
304.9932732815321
307.16676797311163
274.7112284220175
39.79975426567533
242.65733261640924
212.71895449022458
304.0192055089909
303.3534689138923
297.8213222117305
308.06807814378413
308.9624525374559
307.32080796458337
307.2408842836544
299.7731051897714
308.2932521566374
194.20295996524365
219.26202318838446
306.67482329191813
307.2327904447867
304.44439087108026
59.001057088738925
39.17463899530846
304.3256119277787
305.0697988805808
230.41481273527353
101.1250606169154
305.64309442118656
308.06838726296775
301.18839482667806
261.4498397805777
306.08393335566507
164.95487046486946
148.63070429784
304.69670503036934
