-18.448795685329323
-18.31321227392694
-13.924102254280044
-15.020029571328744
-18.72410593432809
-11.39214317248688
-13.289233233299106
-12.706203480702204
-13.615382893837522
-43.8217509080502
-1.3440561766494938
-14.697905448128159
-9.69814909835222
-10.14357063597293
-16.15309143772535
-13.415383529738522
-13.962993301608757
-16.144276133983702
-18.07885289778615
-15.083992318258236
-12.832740356544655
-0.7220608639100097
-1.191851436538622
-1.1232590051061342
-13.22423238275336
-41.36704551587396
-49.4247171629621
1.6005628088706523
-4.127528546565831
-1.4332517244735103
-11.264490466824423
-3.0165292843120803
-1.9526188474968076
-2.6099200052606584
-3.818614200722428
-2.90049702425177
-3.114047318608814
2.2882725067781307
-2.2842182076269157
-1.097599048542481
-7.801893013871586
-2.241594957118854
-1.6238354806558557
-3.629291605180131
-1.9072768473979094
-0.9882464110900949
-1.7304391851493444
-2.9975699399684856
-3.0719315182796385
-1.5752218911033125
-2.1597724982164808
-2.2578765785433363
-4.614351376172779
-33.591943693421875
-120.84913014252692
-22.73770845658224
-19.691827399525792
-29.32688259132664
-18.964733153486627
-15.547321428579593
-102.23727539509837
-147.21734732243058
-6.572262229765457
-7.027687086313963
-3.1737711314763892
-3.8452852506743147
-4.882042704380119
-2.6359838056128173
-0.695400993287876
-1.4344710812925694
-2.998053325626377
-84.59937874867352
-111.60953485476188
-40.590043159555776
-119.2795142127204
-16.639498100612006
-125.68211787207574
-2.630810165454324
-5.078383625703554
-2.6757915520723907
-120.07291911636148
-3.4114968403949932
-3.8146709929833853
-5.239349300733459
-2.962952778855651
-17.343615975687428
-8.166651348512154
-4.714360578640672
-4.533622952081881
-5.510062027643745
-7.12923427228009
-6.890517725125266
-6.647669030386954
-4.296615493557474
-2.5055218097924588
-2.796573459445499
-3.3215548221726605
-2.722449922203086
-6.096977822018475
-4.341640777030339
-2.0149470776381606
-3.4061950946588366
-1.0276868199233442
0.42211763425093873
-1.8289719805084172
-0.9033994612976318
-0.2926426807204253
-3.8591106804326816
-6.93708651144337
-2.655288830010842
-2.316028972740593
-4.298881964914657
-3.9351659777214127
-3.503341266958664
-5.9367599906784765
-4.359096815751243
-5.1789804248955695
-4.328858057506384
-4.790630167149008
-5.114186019251124
-4.667308463276672
-3.0277656581966843
-4.087451218722389
-4.270699065871071
-2.123953095077381
-2.898974731546514
-5.435191891079768
-5.9485608738965015
-6.762613982916501
-6.438353195319417
-6.746712533693759
-6.600603257677207
-3.986761061014609
-2.449559148494155
-3.6450767081274353
-1.8774744329299615
-4.437524897298234
-3.4021976662520315
-3.316831410047908
-3.5293340185669555
-4.347827707591776
-5.520263136952493
-6.187537128835298
-6.140513551533534
-7.6697100369827815
-7.20489107429733
-3.362782584946602
-3.7910049148928375
-4.384415969148591
-4.293637076356758
-5.2592438688259575
-4.364859435616527
-3.971048421561717
-3.319746538762624
-4.264962128747255
-4.212701978435119
-4.222287956886616
-4.196792301424157
-4.074241080533714
-3.229193428304746
-4.2614173245457945
-2.6097963488176474
-3.778529759863079
-2.484044143473113
-2.3343022302637513
-3.4492820154670625
-2.329776802144945
-4.29961380247958
-2.2470065562402235
-3.6771899376312898
-2.151858357350651
-3.6789067949863776
-3.740108818494405
-2.112836715575773
-2.7488809522502144
-2.1858520198650657
-3.7252269455138585
-2.4348683095189463
-2.4690731273082385
-2.263266248210024
-3.6234988135527813
-2.3057376234134024
-4.0774792820134484
-2.1592680067773924
-2.0948621464893216
-3.1277130156805115
-3.9705791038616227
-4.161178539503989
-2.2345057532358905
-2.336021718053769
-2.5651049663045735
-3.7750804900291084
-4.324276598654689
-4.809255010111875
-1.840689348389081
-2.499755881412574
-2.2405822466922336
-3.818990695677076
-2.168135520047822
-4.072450724650793
-2.0817574681732793
-2.1185517012228585
-1.7117784646134835
-3.020127877730877
-2.3329894235475623
-2.0754814830403774
-2.927497943391401
-2.20678197262995
-3.0175980864980563
-2.7790408208953847
-4.270016070275876
-2.9123614090625205
-2.895794391260794
-2.155339642078302
-3.1399190530565897
-2.250243819145487
-2.855255826973046
-2.8331591031346472
-2.413381224685658
-2.860835630765186
-2.5697841721425436
-2.7108387982522437
-4.092378319043045
-4.047245751117668
-2.5394284172561017
-3.8930274771824482
-3.1102785403983035
-2.984591636838391
-3.9912219553360084
-2.838443506820127
-3.2564666899647565
-2.023653145311401
-2.417871110881366
-2.411580226429426
-2.191054083788145
-2.6042947845185775
-2.04086323451313
-2.0873271766267725
-3.6474454045053566
-2.588089967843767
-5.408626006575926
-2.212920526637383
-4.272214653804898
-2.3780136364592845
-3.9407699283001323
-2.2744059077470267
-3.9579906411046792
-4.068926027878501
-3.180465786526599
-2.0429454355904193
-1.65278863834776
-3.0397498568824166
-5.813103096259759
-1.4820007198502616
-1.7517169404197488
-4.320655962134403
-2.025660294518495
-2.1921831813150376
-2.5195714245035017
-1.625285615243635
-1.672988881621817
-3.8194527919273833
-2.2731023179851477
-2.0790201666932555
-2.352766392106191
-3.7979662200907875
-3.5215068606877105
-3.4898469419057148
-1.816244574491401
-1.828337612242126
-1.7113934633042667
-2.677036559890956
-1.6811406501736497
-1.720235052862517
-1.7147217430174366
-3.8855654831031967
-3.8258665944809733
-2.293308368571103
-2.344795093136219
-3.081463305789355
-3.8750051663306846
-3.36778863257853
-2.3784298700417104
-4.6964153144601735
-2.1097695514224464
-3.876660188032935
-3.8543830410409714
-3.2560103332462416
-3.950732639306538
-4.854611643107917
-3.6039845765984304
-3.376593898763258
-2.6155070289739717
-2.441637208338827
-3.303717336017017
-2.3419036923542924
-2.4032121481318027
-3.610938283871237
-3.4193166974131026
-3.387373496824254
-2.770126077717171
-1.4781993666638962
-2.473330676092454
-2.2282153913446994
-3.2667898700460434
-2.3846211455855535
-3.5475773157030335
-2.8810604929042354
-4.710047106409445
-5.060895905143273
-3.140659417395792
-3.411065506340319
-2.286533385504039
-3.4158826916248843
-2.077448047715549
-3.1300935265639156
-3.0323180235071696
-3.7432988885740444
-2.6031798847429464
-3.594171029206365
-3.5283429229942485
-3.20989157667011
-3.47779492010735
-4.443407639990252
-2.6430345916437585
-3.6379761340320123
-2.0364645526688543
-1.6483200032860041
-2.9774218071410443
-3.7215717273236595
-2.686757579408587
-2.113469135945045
-1.481006788540631
-3.6644999270960694
-4.631973210650183
-3.633773392360657
-3.362920397475981
-3.820050687423598
-3.432596045599629
-2.040549252958346
-4.384965122707189
-4.453006668432307
-2.8053384558235592
-3.0526621710627015
-2.5762595329632356
-2.6936735139209786
-4.309103479942926
-2.9939065060824324
-2.155366528007511
-4.360008525521804
-3.5362159887043134
-4.315576341452699
-2.2357589864507323
-3.2829596723218777
-2.9828748990966303
-3.4621236578468224
-2.070754509123816
-2.9850071536277722
-4.25502311752861
-2.8511614871006468
-3.009432756528881
-2.4077569279999764
-1.8781577730849386
-3.4486635887858763
-2.487507193681475
-2.7160945059816988
-1.776456184792023
-2.82141447517214
-3.4088631210519638
-4.0508171518643685
-4.091465326068303
-4.844670022151741
-3.0944455193194256
-2.7900404630887037
-2.0870376848274246
-2.3423867088903974
-1.4710012769817071
-3.2068255097766714
-3.202282979030163
-3.524558053351938
-3.1548717680644893
-1.4619778570327913
-2.5158167923955874
-4.6674910056665535
-2.1709855235479774
-2.05952098720831
-2.9118760328777125
-3.041593092282616
-2.0431903329814447
-3.236158870974403
-2.5587470090147098
-2.6347645347882063
-2.6470317131305703
-2.7823618190952906
-4.878107200110332
-2.763017086754552
-2.570848540148389
-1.7785424823431928
-3.8496481668818734
-2.3553350753194353
-2.6169646455707656
-2.716221629077259
-3.71230497500797
-3.066138237276424
-4.096662469776348
-2.3915986545042474
-3.6334231698773802
-3.493857575107366
-2.3595461230780925
-4.026293961748481
-1.8244066882077599
-1.1294496703967454
-1.2684257418544362
-2.0454225156381733
-0.9423886035370339
-0.8261551042584071
-0.8723474541871514
-1.6887294570362144
-1.592034228853264
-2.264950429552546
-1.517258805180278
-1.677048278136179
-2.5759307491903525
-1.6787632297798987
-2.844280901765684
-2.0445055113031234
-2.4730014190698637
-2.4672790841180836
-2.8523072630028867
-1.9632516302755099
-2.533425017458078
-2.2229280945397916
-1.1712000026727722
-0.9339413047150379
-2.8255522694860895
-1.5651046708455945
-3.566378425205745
-3.6810431437802826
-1.9793845874325666
-1.785950243389234
-2.0607067513099566
-3.7954711311353964
-1.0260185667242225
-1.1280291357145977
-1.961635616683441
-2.6741622854645035
-1.3921524769953906
0.406663048017772
-1.4584454958314708
-0.8980399064657583
-2.2903750120106476
2.192287623274758
-0.03481666777841863
-0.6809431765421
-1.0006711493985097
0.9663546480356369
4.051269306212972
-16.95058297236792
-0.22338543539183975
2.4275915285620497
-13.62477217769995
-2.843562893179554
-17.624935235954503
-14.489351652227343
-24.401943371948477
6.246360894847976
4.223763766244982
-32.574906980527565
0.6302964489962946
-31.16330483141231
-37.753548472203946
-38.60167518384879
-40.970226846475406
-40.89343129685832
-14.21509806000488
-21.909368828024316
-8.618721175668142
-6.26471335090449
-10.066760607929284
-2.670710692993749
0.5359272170513876
-23.83154035576771
-34.42131684909671
-42.745673105280765
-28.28446015428872
-6.988136672184029
-5.899406825734923
-28.960488193867725
-7.1159213753803785
-9.770905127982916
-17.618411263306008
-9.142110510053737
-19.006535691287375
-6.721833460031696
-19.46200820432114
-18.801755170284462
-17.528987153906996
-17.798534570627307
-19.200322902605556
-18.1012983154878
-6.993178101637713
-18.465333971948674
-20.59027471395831
-20.78028089049024
-7.426578691404314
-9.005801394387458
-6.695906378704741
-8.525536158034575
-18.086666537265604
-17.934757787180057
-3.0057662959347184
-18.22867682048306
-7.457849105265459
-13.818021693657151
-10.586173590373251
-1.404430740204255
0.31513128209486574
3.656138434924804
0.5651573006908104
2.884220830750028
2.0038302666454917
3.2196271047096987
0.5217875785063932
1.2267804532929616
5.410122274892094
5.163643196581126
4.1463851042637465
3.6964070616575553
5.2504658050363675
4.559449422562499
4.4481895430417095
6.525017176890749
6.859263950366683
-0.9560581167209897
4.410643838194587
2.828371945870888
-5.946464047231866
5.6794005685287186
5.066158409126259
5.659464710888139
-3.5702465210004384
1.1979484791734758
1.6342521949578073
5.408256621640174
-2.667353485561132
4.162255063234522
-0.16444882989442022
1.0847277667711812
1.0965186642824385
0.0366855432968618
-7.072329953101157
-9.439016016063052
1.7783883181977993
-2.2462784165386127
4.516502200393006
5.353896721188294
-2.781268282794394
-3.0577324436878177
-6.190284850045457
-1.541879660487795
2.47479296770645
-5.560498208223386
-2.0694391382203117
3.3104509835938583
0.32627499084919465
0.37098927163980555
-3.3753797369038985
2.0791905271795867
4.8796143040390065
0.13820297575618135
0.20450974541087463
-10.490542026124585
-1.2092686887945383
0.21484853821961458
4.583077506227735
-4.00516690251518
-4.845894202791156
6.111980565063888
3.7591676579632374
3.2036631835503497
-2.566164726794779
3.879673380646852
2.6343807705501097
-4.376821573825865
-4.316200159283355
3.9173092226417143
-2.7010924570808834
-2.362870371018227
4.640561563500743
-4.27519852667799
9.398743654091318
4.292928695940262
7.148654024076201
1.110970559020219
-4.209207361942781
4.4821679682545374
4.8255329584133175
2.461986460058019
3.5596976476395454
5.106738153476344
-0.9413857731431177
7.417113883848888
4.380695813498147
7.033121170203335
5.1079316738788405
5.811294524625561
0.2166460597139459
1.5497994450249997
5.006590991123421
2.66925252558749
-0.4050185179368887
1.0846776475024749
-7.250356712321131
1.9434519112420596
-7.9875450813416355
2.5562522508481815
4.671377013248322
-23.119273253076727
1.518696744488865
-5.112530724075313
3.050607141167778
1.8014999556454532
2.0653808996733303
2.427210781549726
6.191451116746287
2.289068694958927
0.9673076258202407
0.26869855720036906
4.454087773431091
7.17961563499116
2.530958431087394
6.931570352575158
4.31561827221284
-3.736431510376431
-1.5324430025192022
5.968950373147921
14.697622777258768
1.9599820466308548
0.13078072539592545
4.036782013469379
-2.135331111479865
-0.08757387136264039
0.26686078503727995
8.039721150491077
3.202258662688082
2.3467111012559982
0.5222052357435789
-0.5725511365821632
-0.25814092085634843
4.406190075539601
-1.1289310892646502
0.1899811866221306
-2.8259246985415594
0.21076429566973776
9.686486395947956
-3.7734733510973553
-3.0668305848247077
-2.4973584447291977
-3.775281791220732
-1.6865746866694313
9.633697660375507
8.462610896627723
0.9606026738062496
-4.047628699408225
0.40483204933566186
-3.9936918487853035
-4.295858264148857
-4.2056275421499
2.0875684446046727
-2.934277801788411
-9.815655402497237
0.04903392575432641
4.254711337069204
-2.7194545520002347
-8.095936253538046
-1.5330598949622403
-3.4391739175611473
-3.7075291717890653
-4.651858656030768
-3.7880393139862747
-3.481608822563045
-4.103184096652393
-4.303061700836443
-3.6477068050919734
-3.636506804007496
-3.70569422839706
-3.9398230277808977
-4.583541418997572
-3.777490906088303
-3.6799304158333705
-3.883288455880556
-3.841497615152039
-3.721220811726213
-3.450027613634244
6.4625389076502335
-3.978852440144867
-4.993769273162511
-3.905190708245462
-3.189851229891802
-3.5389292676833772
-4.069709615033119
-3.498090010034541
-3.297071472243716
-3.3678019454317796
-3.789039648333564
-4.2374752010311925
-4.63143066619709
-3.804675043547525
-4.452456463813007
-3.133254208631191
-3.5940355382990097
-3.875263555218774
-4.061602357562785
-3.579744193202507
-4.658099182074268
-4.753116249792124
-4.486039633706213
-4.010894614574186
-4.228190269054226
-4.080974873555825
-4.47564655760924
-3.893258659966676
-3.5378715360499915
-3.8736140781845902
-4.297688971769065
-4.310476752318756
-3.8743870745679962
-4.09634191672302
-4.075498582777257
-3.7489320384319877
-5.00416024189753
-4.29530236169696
-4.020355204342556
-4.095611922616758
-3.8550712775802256
-3.88028706073792
-3.6345870974169414
-4.6250194210025155
-4.319149861177429
-3.616553357981767
-4.6432597762048236
-3.8711021749669037
-3.9328580492828045
-3.9192674268751073
-4.909838784874726
-4.7243144544549285
-4.15362008567527
-4.317369349579636
-4.067073655524604
-3.9512871180300926
-3.8329673544244494
-4.060926054063562
-3.8134045198019595
-3.9966025423922877
-4.237414299624041
-3.9312312022006766
-4.079136997202411
-4.4396515338942395
-4.530317650070414
-3.814629566042994
-4.2704578384707395
-4.005066560988624
-4.117368968152132
-3.671912546380191
-3.8427564458406214
-3.8365120407013853
-4.069103256740295
-3.8255776261240233
-3.937335027107969
-3.8126449616737657
-3.8566848142016688
-3.8697915392064792
-3.577653647253912
-3.9732932095260645
-4.215156285354867
-3.785112583706875
-3.8506016930565243
-3.9566472639162087
-4.157839263113216
-3.7971097740381943
-3.64833565828266
-3.8540356608942785
-3.559448547359556
-3.755944507757203
-3.742205278833088
-3.6454768724460154
-3.9134864738217265
-4.214006939909112
-3.7651073429050514
-4.130142666469328
-3.7890862128908456
-3.5040159163928295
-4.128518123571141
-3.594115097595613
-4.039384387057588
-3.9741008317911417
-3.494676690779004
-3.789184909269833
-3.8526240797297393
-3.8472148573913914
-3.8000559864940997
-3.4760539018561474
-3.4621364081588863
-4.323382408472401
-3.9662551624563838
-4.395415100715432
-4.049675372828418
-2.9878397499173883
-2.382015625442069
-4.166872497446212
-4.023421002614853
-3.4226022748270375
-3.004585531449567
-4.075166868037858
-3.5668929353648178
-2.472780842105549
-4.255288741448894
-2.7264188101074316
-2.7509547813100137
-2.429483798479663
-2.043612063806504
-3.5539017850228873
-3.4645432557594034
-2.6201297328043722
-3.738930609064799
-2.138392286604892
-2.4273087078090763
-4.66083847072969
-4.2113602275600055
-2.384111710031208
-1.9456074417860583
-2.750662101992093
-2.5823103806204166
-2.793328812501084
-4.3475384906629735
-2.2320469975123816
-3.7209890996469177
-4.235519453220688
-2.9482029562927794
-4.30530487431027
-2.706352889363968
-2.805228131793127
-2.983880539666862
-2.4947162504401055
-2.9570708303938953
-2.3257879099566487
-1.882246943987284
-1.7464729935489607
-2.714429937154055
-2.646336141173415
-2.4626888466160737
-3.017180691232283
-2.2931659324094658
-2.4744658353263516
-0.9458154576004766
1.428836472094988
0.5493648458290854
-1.7659565636607204
2.249044083360586
1.4209108573986846
2.5862933997679534
0.39297762413540194
-0.08103492691864533
2.895461418883871
-0.30102181173178266
-2.9461425657483455
-2.718187239515905
-1.531759087420381
-1.3160919677835548
-1.3666678298469632
-2.526661112308192
-2.372025696504862
-2.107816042142611
-5.4948983127453035
-4.623144230925787
-1.766991921922971
-2.7324151226288307
-2.5566973783435927
-2.0077767811672165
-1.9321776789414398
-3.4045407930913685
-2.376847144671715
-1.5575984038828565
-2.6027685912729543
-2.7740360866213805
-1.9834931568188288
-2.8895425153536136
-1.2797895778746642
-1.7149041266734701
0.16798401368719995
2.739881659617645
-2.5518630181821065
0.33519290879555164
1.0307751742390323
2.7094664691078174
2.082244246696432
2.612639215251819
-0.24737202925048818
3.105009844078686
0.7205481477541247
-2.1631379872007925
-0.004870181484536662
-0.929972168232005
2.9637881717309353
2.04439060619039
0.669137658691652
2.037204701695591
-2.2294505137900495
3.41973438087354
-2.4925467808246617
2.1255498357092346
-1.2492358037947375
3.514631208838897
3.769408052638793
-0.7920172299726758
1.5929079307765535
1.3570602800597729
1.2243306436563541
-1.3181562741763595
1.8956944772955016
5.190918248648136
0.5709082923053428
0.09861554923436278
0.8284947525728517
2.5323874551096583
3.633633151913066
-1.1084900309617345
2.5074119933688435
1.9212824809669211
-2.274447359887882
-1.8916350086101625
-2.2070804524367347
-2.1693212873485566
1.5548908827076655
0.601363620740361
-0.039687545285386205
0.004018945952258601
1.489739014465362
-0.48487343094171886
-0.3033436930701129
-2.5225281634417662
0.3056111730610358
0.5307625121654327
-0.24859182186052242
-2.093726226376992
3.483789596175617
2.425574026893205
1.16560432514486
1.2921608857748401
-0.7415254464745515
2.360710177274731
-0.47873250037245485
-0.8310031299305447
2.466577569978314
1.0182576947404707
-1.3930173147618774
2.218033816369247
2.1886191338816023
-1.48319360514994
3.2517304583719593
-114.49054448071777
-4.091035040399488
4.471426914340194
1.8296173168890344
1.002142758594517
3.521903202303373
-2.251355093067861
5.779579151882012
-0.8286490120304314
1.807829410194111
1.9584115029104652
1.6993827430767299
-7.0981573011403265
1.1391099267713747
1.4090647550566717
4.647777206198057
-0.88482411545484
0.868390963082821
-7.383571564636506
-2.0276915646979283
1.3274795989389538
-0.07562979485777332
2.8414307790529674
1.4457615827030943
-2.683551777938067
-9.068945698731266
-10.70143009739226
1.1822680955793068
-2.9462762165127008
-16.03406461378746
0.7544625374333311
2.3202085789522777
1.5584133678221441
5.289317985067007
-1.2471845882432513
-9.920120617884056
-10.370641629635042
-20.47416193510577
-14.823075260623236
-16.682593469255828
-0.8321526311830734
0.03035327070680105
-3.7245319132345056
-12.906374561971404
3.7359226557128116
3.252828229292934
5.814396422242436
3.358168308504543
1.1780621523788826
0.141238156473263
2.8695637697055933
2.1080271379342306
-0.20085721235784382
2.28114340392997
5.89487024592919
4.164937593714491
2.8952669628641234
0.40985990974307174
-1.1563209613499534
3.2531737192586707
2.6720965440905076
2.889002126283326
3.9622926639275047
4.356145738129194
4.169469863609099
3.256469324610511
1.2453198586422944
2.178465238545094
-16.448929677254505
-2.6979564276846713
-2.2986450498892617
6.006444167131714
3.450935229840998
-1.8425435380271291
-1.2386700675478197
3.2951629325427714
3.7388293825746173
2.9626821098523197
-0.2040075135845686
11.460852431130133
0.8147746116748702
9.477518577968008
2.004259309550129
-0.2633340213565798
8.987737214942463
4.823643660651519
1.036418371734206
1.5617367340009674
-1.1003658285612887
2.5891531235097602
-1.8009942721383023
-2.238196347987589
0.10114099546653654
1.2901959500629476
-1.4945040781355163
-1.2041552407642233
5.008464758673991
3.336441792016225
-2.8735221586097044
2.0604970660706385
0.9965787525718741
1.2487726009283215
-1.8326734412958214
1.5557439858031796
0.3137795302237729
-1.5707746372179425
-1.525763760082424
-1.4500969507088883
1.635443875561589
1.4604645765183153
2.2299880334914985
-1.969082063972329
-1.9056653871381048
-3.869458458436031
-1.3684779429871488
-5.391797019104788
-2.1292211287245157
2.158910486735095
-2.912879638804199
3.770413711919761
3.9431371830906734
-2.736020398487024
1.7454069546861546
1.0633700175682717
1.6546668625523688
-0.1388247097888955
-1.4843556594292961
4.813834911635141
-1.5149156705973037
-1.4140556570248046
-3.6507271324787265
0.5957888644415255
4.894444945417653
-1.139587896681701
0.11686806675294759
4.517381168117123
-0.7782516710398084
5.036283150004846
-0.4495777163375174
-1.0799030809625976
-6.403313562404717
3.381558562671146
5.627640906636916
4.727042971480638
4.72858677506835
-13.505005971385787
-0.4457918558822346
-16.199724928441768
4.093985671135289
-47.02284690712999
-28.53745081366924
1.8481504204398167
-21.000365155939644
4.4848153064201295
-9.326185372874683
-10.069911587577314
-14.42901800370589
5.880044970189532
-6.938063067853451
-46.761700146342726
-73.66018096366712
-32.76892257258389
5.145772438357588
-8.458192578881672
-1.0496105534941311
-15.865014930295446
5.104459090604991
-7.81492521130697
-6.006317119292916
5.487701675921056
7.0291324556960415
-7.816925857223572
-7.088650097506123
-7.421867188858877
3.809431323142719
-9.136585300665656
-7.300361917216953
-5.198654892783612
5.72912155624572
2.852806474885595
5.057088398318737
-2.294893412234262
-0.7829334094189133
4.681349028108645
-0.6234041395758594
-1.1138441898021851
3.4831531037725565
4.006592599745835
4.91356246993691
4.184179174542423
6.353504139124414
0.35270686493317305
3.2436933921501057
0.8451085375007241
5.121550941704459
5.343385284637724
3.3943157350104327
-1.17271787226433
-2.96721424328722
2.6278564989668447
3.038891152198117
-2.429419603741418
3.31301478527486
3.3170630206322906
3.0787736888372645
4.666597984487114
-1.2077796050012106
2.707963385757674
2.906164584832887
-0.6317985174407551
2.2217471244651854
-1.4374197391134995
3.6518240356203115
2.2307936554031915
-2.3223977359216663
-1.444389765124146
2.6605552476017427
-0.7092949607673402
-0.6890417685024444
-1.8213499520079568
-3.2687794962382575
3.1404152322268724
1.3684621490140731
3.9465013182177406
2.203054215306413
-0.16413984823848005
-1.836453113481828
3.313264938076337
-2.3387286893576382
-0.6793053294087503
0.30579126074878826
1.8294878108792099
-1.0584213754708582
-1.5738157316936818
-1.9909509415371947
0.6054440683983271
2.979494071231228
-1.7275490638073536
0.41246995341156856
-2.276455735133961
-2.2429578137608877
-2.3173936325275974
-2.0229153005871936
-2.3941051737132186
-2.1722463270518926
0.831995697974536
-1.3819908300408457
-2.2644627897658682
0.33215364530372327
-2.7807494796787724
-1.845493355652626
1.9074563167846459
-2.2090599860915328
-0.055544457206502695
0.9932218419765091
-0.9498979712364566
-0.6374358897823831
-1.0169302155987066
2.08004359794893
-2.122745950735486
1.7793105067114001
1.0452810120404084
4.553847942659634
3.0677514083268473
-1.6350586288326123
-0.21721982539507456
2.6774658317798785
2.643043333588792
5.700407081811683
3.6986266818799347
1.3239848921814295
1.1449566671190143
2.7273153640090766
1.147881895467021
4.83793048092725
2.3559348250503325
2.367831989183945
0.4589128206955868
7.349413547190522
4.017789057571519
4.525177230458627
6.894588735649822
28.069506896207717
6.954167421218625
0.2991418323641446
2.1025403898833273
2.2223330578847897
1.7321227152285488
-0.3012325408644938
-0.4285573083795611
-1.4455752999003346
18.42917321259901
-2.752958965485294
-0.4719519291566685
-1.8485226091475515
1.225728442626695
2.271280887250478
-3.8304754615109418
5.2130023924983195
-0.5258128633070787
0.4879612507366722
0.4670164494737974
-15.101144189965297
-16.667134808440387
1.706602681619421
1.2212152154917524
-1.4196112152809912
3.4567321033083536
-19.932203297748234
-20.94319430944363
-22.618917893292537
0.9680589900938781
1.9592910605420681
-2.865895863236859
-0.14629269333432238
-22.480227831312153
-22.118848650684892
-15.554320875610223
0.2643918530140841
-1.6603899500531476
4.884859593514974
-16.714292362472044
2.290138541218515
3.8956021370735616
1.08462959854615
1.2171867383373893
3.8396255175182565
3.0098595470049547
2.0351372570341155
1.9856060784272844
-8.250189924349076
-7.982617882975065
-16.72500493313015
2.057352662431698
2.432229715435145
3.114339478527503
-20.008261913031333
-21.401668007446446
1.096609282165144
-19.343985007916267
-8.872384110140924
2.1521319045455494
2.2579705148991236
4.102232755226086
3.293861668555536
-3.2894048950901884
-21.43638661442667
-1.2086549939364193
2.6746178691585887
0.8027771377675197
2.6369878593110476
4.409593726353098
5.031879758282568
-12.090705318107581
4.076987440590436
2.0733351730800567
-28.18692991524718
-18.426056207471845
2.1315209614342714
4.275234363773831
2.7607495179586135
2.8677659905664625
-1.5402560732991732
4.108074346385893
-2.4293260893200825
5.118989012187971
5.698077818124867
2.6957401817484445
1.2911555222856523
-0.12356501693511412
-14.64471224727212
2.9134622269288357
-13.12354312369693
-18.92320362706809
0.6197050011480865
-9.582115515729413
-1.3670153236122171
3.4219653570215876
0.8123876425431404
-1.4427704160832011
3.376163287349592
0.9263814758341757
4.531156528592618
-1.0979594600417955
-3.1390883617134135
5.143846519836188
-1.5542097584152763
2.8428376241384523
1.5028484319485735
-1.4549282561702028
3.903911535455536
-9.304298763443407
-16.936662501808332
-15.238119578273663
-20.747871970751643
1.3788646603170784
-10.587502663110692
0.2120445905895898
-1.6886804000412416
6.249935100831404
2.7209007272378836
0.2799491081900958
3.801612891252602
-0.1960844197703231
-0.8766135068330916
-2.6572676325427964
4.149680227343616
-1.4316459965612736
1.1579406339172276
-14.382038372555753
0.0861379759944978
-13.191506175350094
1.3136242315048943
-1.6116251483596862
-15.382966844172214
1.4962880393639204
0.7442110569930303
3.4815866522714476
15.701954739892198
0.7772338150494436
9.114675158387037
144.81529563672194
45.72051913236824
-4.402535923594023
-5.560768501802034
-9.015347842523985
-10.381120593769472
1.0787362073281144
-23.518183551804015
47.69158582665288
7.159583321988427
-11.20408989683337
-12.391401174984873
-13.494736934239668
2.1701882044061307
-5.737196735715801
-3.6514926873449443
-0.7802812941735646
-1.3423695822767985
-13.850133500205976
-26.3845284186375
-10.886864601444456
2.203102562226159
0.23629798552642356
-11.192925491465296
-6.268812694569432
-3.316991183216993
26.867198438533133
-5.025892018281855
-2.8759515573848033
-3.734042007143299
-12.743929186777525
-2.06648705041098
-15.310740588335632
-1.697362552262375
1.6438233663653925
0.8332085926405441
-1.6489617195306359
2.7521505958164734
4.331443857648718
6.287599118342935
-8.466815503561868
-19.798981139905134
2.1803264116039496
-8.26778001433906
-21.088366201301383
-26.47804234492515
5.002285627777688
-5.198110542961709
-0.07889251389246033
-21.848801479169477
-7.87614906413512
-22.721986997130017
-29.161344811173784
-32.64013499006753
-15.423631939727514
-1.5586886224563876
-8.23502477757757
-5.10413851579279
-9.600534943823392
-3.7957057438114044
-0.9540463613038898
-7.0115461319203805
0.5411275746255042
0.17751335541500635
-6.623443814863138
0.7513874861057424
-7.842937333384529
-4.842839500968652
-7.161495597720148
-6.480089596117846
-3.761144931448938
-6.779941996974404
-2.610659062073257
-6.542047712637111
-1.718168412939339
-6.188472420888641
-4.222821777531259
-4.425719094924316
-3.9783730611493784
-3.381967392624668
-6.2058713113696635
-2.8293070003785368
-4.457409908758323
-5.159117166785527
-4.661599507698167
-6.855918988081935
-5.81370298865934
-4.986351572070271
-7.360319731712651
-3.908340656231779
-7.3978130746154775
-4.6105613906197265
-4.113424564968172
-3.1339098171194393
-7.991670739621545
-13.533355786330386
-14.945306415343659
-9.574918606841324
1.3368726551805907
-3.172723945278481
-3.5958002483762503
-7.454267188524366
-71.91257918791719
-8.454679689078283
-7.5809752362538125
-7.290931638625765
-3.9554082588673927
-9.690243096971578
-6.914829816706481
-8.383226186744865
0.9905518107476343
-7.7730773295416355
-7.587959126813957
-7.257768864992382
-5.804303680354109
-3.3846556135347687
-10.783659112405498
-5.809844244912891
-8.121956665306662
-3.085354096592091
-8.304936793879914
-12.888042805407808
-8.102486333739321
-7.654363831207466
-6.237601582627123
0.10788998991809451
-11.054727103659111
1.0037534418214715
-10.704657995391637
1.1889317384436726
-1.3892635637608663
-9.184348589180658
-1.6092857272230725
0.14222868434495117
-0.22456029471134065
2.950781265222157
-6.077583436579755
-7.175737798082334
-1.104441757012468
-1.235520254127683
-0.9076664227641494
-4.648715687979635
9.372295787790172
0.31323837946820987
-1.1479357492197297
0.6870586591390886
5.243376160757598
-0.4667432688393922
-0.8721892589858438
1.0965387740929913
1.1669748028299471
2.7672420102383497
-3.7530314457149547
-1.4902945493965754
-2.5618694265317177
1.1976693960645544
10.643424540376914
12.663646489903954
0.0157707436097152
0.9390031833363102
-0.06369876253604834
0.24119779850108114
0.8817846295144407
-0.07926208885759123
40.08801617310756
0.21078421163931393
6.822750922997717
0.505584092266858
0.6468543036083405
1.716197108719498
4.526658053992937
0.59283811406543
15.548572147458472
0.3241445123925806
0.925256234926171
-0.938746667411797
0.7055711088776591
0.9988642889391623
-0.7633207380833739
13.244424682294945
2.618825716573741
11.878214342806835
1.0184486976201481
51.66703579327123
0.06358117999074309
47.1164507015229
1.4746801330062271
19.303284891417313
2.4348699903395024
1.753789232507617
9.223341791705534
15.281366141196955
35.69562552071732
0.37858864079757426
0.48949820188743365
-0.2796294958181681
19.124668387111893
0.8737251745859407
0.3074339675363156
2.448330091396969
0.9492889858046938
3.355947344876828
1.0074174333432042
-1.4886141982836056
-2.222897960537423
-2.97969944219493
56.24233013294853
1.0611115360992622
0.36742206556908763
1.153429093093302
0.4153804490398578
8.57753206275445
4.95480977499485
0.09143681117644187
1.963269789753478
-4.8427823991434025
0.8119030192618581
1.6453778879344454
16.83152353059834
33.40146027269321
-2.152898012071847
5.452108302177863
20.94923430382181
-5.151215964042894
-3.7184897120663263
3.1347548354162527
-5.994442609882644
-1.4654419162049892
0.4716772842478649
0.6784741965911059
-1.666168210828678
-1.1728614867242675
4.297674262689656
29.884301289942908
-10.11288950821633
-0.8183939712284334
43.891900637603946
0.9153852402289986
3.5831321693981657
20.57765249311908
1.5282479588488709
3.026553475007497
21.78393078177135
1.0837989365982468
3.6757451038652382
4.6327312615490515
20.76547555828515
24.51438819620709
39.73932286261675
26.943001296697346
-1.8337526335207126
4.1942561601558745
-4.122940279557678
4.393989510637085
0.01694763174094094
1.8788295437060278
0.897160257349914
2.3078189302813223
-1.0602783034611225
5.950461455348257
15.659800190181727
0.8511668930761511
15.287148402943085
3.8472796708400576
-1.9304981184278924
33.26217014621288
43.39352392707495
-1.45178591068896
17.486073084254606
10.526712373259251
14.698228674000749
2.9437690821114604
4.436210853549648
6.243918198253337
3.816772236923608
0.8618449886205259
58.834610631409305
2.1978027945437097
13.179960116192873
17.173355388102745
9.377992523909075
0.9765604872815301
15.63579394528842
3.3933737866110576
0.3207258379813278
18.222235984752864
33.945643838102825
5.187253294214601
-1.9467659818177745
92.62973490363555
95.963137924504
10.654985990319876
136.76026649325624
7.425025953621294
30.16428996063707
5.134245548151899
-0.384938233954211
30.378765480295453
3.3378796471956527
6.524922785885637
80.43932476396603
14.87428595673169
40.74470078261408
-2.6264798579179516
0.21567450464330618
12.472794427344189
-1.3472545419403656
8.255090194730855
4.9563789401475
24.903105163626144
72.39113373753483
13.54412472682136
3.6533228917711726
9.33991634442284
4.559394820451851
1.4937397528582563
-3.0095762325448705
6.0288575792279255
16.169923984295373
14.200376944512676
36.986281787946076
13.434320983238521
8.903182269195257
11.321384270173809
7.380838670071208
7.672776848609173
19.538539737537498
4.876049288544803
2.673830975132063
32.528483734975275
13.435514370764489
6.277798542886353
1.883298589143593
4.346010135614307
2.836069153230633
13.353561458358538
43.8324732389646
5.783062696958266
14.636745333669626
6.056374356736039
7.4885253351914365
44.65915702150002
16.679026986851035
1.3572400809464313
1.9963397321149987
8.377429869603985
29.970502262253326
4.652285755553595
0.9639359270315653
8.344188463911411
14.55055270393193
4.513458064424339
46.88816551288436
17.28526534782265
2.2101414844070875
2.420159985607797
2.072977480279282
7.172204941665127
-0.03643705781735429
2.3167738264420374
9.644395834583781
1.7652171908120313
-0.2577038138288372
-1.046837476414324
2.6031546302642696
0.6461844070969753
0.6747032841780864
10.148356647418812
0.9105777385102887
3.4179685525082375
9.161364213738594
4.047132330699433
5.027231451440598
2.5182812500192475
2.0534993695641575
1.926452894539886
0.2725566005595035
6.699960014183699
29.996897322906342
11.509868628786878
6.179521957229201
1.010122631409514
0.30644184414933706
2.4261076744223637
9.479189903430171
35.48257845385391
37.41267171707179
1.2490792012400935
31.28112744299881
0.26718977268257404
25.587557352729753
5.918274133910192
54.5809543865075
8.355393440349022
41.57022818567539
16.16503621742866
20.379631209129467
9.469353419585543
8.272412996417529
10.040260071952828
34.752248681611846
26.175886499016247
16.392888962109264
20.04262118203607
21.040045191167227
9.721829087323819
2.1219783631737053
22.2688205465322
31.416501073784524
8.083381651255923
0.23663602900256864
7.180482150842746
0.7523748354924218
-1.9775699629603594
0.4474243040016559
8.780162618016831
0.1535270810083782
5.156676744847247
21.71611323027126
7.606788245999562
19.675781462296538
7.375718956687178
6.462508715458489
5.066869425246487
9.16508407804184
9.539673716059884
7.478724044517458
8.423662123785826
3.1882146803345526
27.964515087141958
5.70527098226446
-1.0432949015305677
6.758174495244707
5.381303040934104
8.312539045358387
19.02653984989505
13.010663370554017
1.807077868508177
11.337730601279684
0.6816751900011071
0.46399954173807045
-0.21383053270541164
0.343264910655096
0.24812942111802538
0.6398132666262499
3.4553631441357204
0.16213442419764035
2.917863515735295
0.3741648840148335
-0.6940720319339678
7.032819098159674
9.613402437518973
-0.19725381820369503
0.20885415395659623
1.7312200827766238
1.0257329232804482
5.7513027656413644
0.340020818423481
0.6933528330265544
1.3725080052471386
6.662046080004427
2.984810080230234
-0.19022722069360287
3.370478969850888
23.346542493944362
7.152516319624462
12.843804510262876
0.2333827139455822
0.6040464628096671
7.720553182599442
-3.22031423868984
7.893419069997352
4.135281213377911
13.874679155801736
1.9228214185225476
0.6764356206456794
3.0074347763056988
5.257593134758721
3.2969971300577727
5.243360709281324
6.897391299871263
56.80914852039513
10.943974919041622
10.242782413046653
3.7397457019376263
-1.320608548931155
8.266660264441583
-1.8553895613582168
11.657357337270854
3.6826104645098843
1.1980704153993451
9.071975831568245
10.084185101535391
50.96794191184716
-0.1567692818762736
2.06007906560623
0.42893718356763544
3.3627300653733947
3.727406246677819
0.8964723650322586
9.024090469279018
1.9017324734488503
0.05983449881089453
5.779481434083046
56.03192671269058
-1.0858799908154984
1.6245695534776892
6.946690860852602
-0.6804665765619544
0.3450114507029467
1.769871274155252
5.4063184567671225
44.10617788259776
4.884021021550516
0.2626538153054825
4.920648596866674
0.21859447298633317
7.277394568697861
5.899650334626436
6.072025361761451
0.781065765680744
10.635447018324086
6.219529489704721
0.7906327788168563
0.39902457076745823
1.6183261978588974
3.7969843963375256
-1.9435621589183167
-0.6579850976970041
18.430927390954153
6.221015001222066
14.600061110026822
15.189343829796176
4.473046983073934
2.255742340075476
2.142057838941616
11.935339929314956
2.6241415093659124
27.16029733572031
9.536252633464832
3.9528860006552815
27.474640345458567
-0.1752545421045285
25.830539186873764
-0.164758794492732
60.30037087484823
13.270063074804618
68.63547391094542
43.23208591233108
102.7851333316308
0.2480478467158973
6.742235363376943
1.5458572067345147
72.24331782485297
36.010641030045846
27.32244053001393
7.9641216740539935
1.4951044574516525
7.550468590654818
10.857890362035477
28.926890104913657
60.53089542013873
122.03931919022975
1.2546500864643604
4.2225558504362875
4.093090474329271
74.88554257884999
65.24299597531125
22.073071072694376
19.896218566335733
2.4938877838905906
59.6085018433798
1.819277243403406
133.58715862333273
79.0965095892542
189.57684646729038
29.03889692594608
108.39118987674786
176.06949447451427
1.2445790376830845
35.08369984053408
-0.7516743948589978
61.904596086645874
177.3078873993188
139.45019236448275
74.89545104325057
191.93559133547166
152.70743588430528
95.53275160169049
-0.010057735110942656
0.353706258308764
70.92737955350185
-1.1850644920185842
44.7955640069551
2.21796597926629
34.395478456562415
203.41246927946548
216.37157717097696
215.62700151788306
21.107252668475724
153.49472077289866
73.1612709770047
135.15371367169817
184.05720066686118
210.5332319744422
198.08131050386416
188.5153278623848
196.05205675215174
207.93260318564734
205.43107435697146
198.77519794184008
193.72128907609778
184.996979133667
201.37967319673197
207.4762552453015
212.80417265667955
201.83348818720907
195.49245785237036
195.9397627955207
