-18.32410614525138
-1.7123284487571389
-1.7361643057850522
-42.12799852087284
-6.042485779794242
-7.09524843889723
-9.277043171180878
4.610220899337361
-32.21578747044433
-3.424658714099052
-7.0028667973366865
-5.119575189598528
-9.627066056451453
-7.072293685139428
-5.000062466959468
-15.796947559898554
-12.172813905506889
-8.485402311488947
1.3594718635391905
-50.78315357516021
-0.935884258861031
-1.3648333112226694
-6.238477058699978
-112.93315854988924
-10.982901200897151
1.3807094233247161
-2.9377153132384013
-6.521480742796945
-0.546816978173329
-5.4889022986202
-26.867524741204296
0.7730777210354163
-33.43282308194205
2.4428259390418745
-4.083583519975345
-41.405492033087945
-3.7652719061424333
-1.4735220620810252
-35.857473933283984
-8.310495913732174
-15.412052995235898
0.3614703047806396
-4.73859732689212
-6.459772875056097
-6.343971951294845
-4.3442278980262
-8.504964217288727
-9.15534643649931
-10.239864487166983
-29.022282290739007
-6.127086047579223
-2.3856899646700693
-4.322910086075153
-2.4079125884889323
-4.798768601328753
-4.142328207195868
-3.7072664911303073
-7.64939588527692
-6.673169701824588
-4.703272046302754
-7.544639719554224
-8.194531290958171
-6.400239143780601
-6.46029388071286
-9.266113648656138
-12.240385889245813
-8.343414316148188
-7.236101204746557
-6.049839962245894
-12.081756932334168
-2.38121490650787
-3.8102614703692166
-3.132735884043697
-5.155416659691216
-9.691575281959645
-18.363177406587948
-1.3108523814280963
-22.127290652186762
-16.332517048799744
-16.622303351666623
-17.116283652722835
-17.85745032912897
-5.84751661736456
-17.929288659738997
-23.370484783201174
-18.24045092673103
-5.561808679886783
-6.352321316654175
-8.34805124898472
-4.5729938583513725
-5.0677861403388285
-6.58324980739954
-3.2182173368558287
-4.825054523792733
-8.502583650358023
-4.419460636483815
-6.559506700929877
-6.887696419331558
-4.495648546655658
-4.547128789104287
-4.883326506888804
-6.065589480078937
-24.711514444651378
-36.122358048334256
-22.1575579709898
-23.16058855888324
-24.150785176551285
-23.43476376519973
0.34701435122763225
-16.299860537385936
-11.471942912630738
-18.090391153486454
-15.948241794024288
-19.026434192514667
-15.979524882216316
-23.909317593244214
-18.20890829084317
-16.820061352556415
-14.603035455092636
-20.67580172012286
-19.808391717529858
-31.29430832309028
-16.956422031625173
-14.646154807723518
-11.955456032515192
-16.920139254785227
-15.872110031340275
-13.162657737234607
-13.036894933847714
-13.06289851089497
-14.6812008116444
-16.30479958193625
-14.9121003966704
-16.943104756445006
-15.030868295840918
-16.160493435305238
-15.475708365921555
-15.214442960172274
-15.08380697955812
-17.355189826613906
-14.635381035321704
-13.001720423089964
-13.48210185889465
-13.112493856225168
-20.476188485607345
-12.777698321789195
-14.807967978584891
-14.642663038682972
-16.67155956522313
-16.891210618526536
-12.51754161822361
-16.60202754043229
-18.04350657395553
-18.508118341837083
-13.44724659136217
-16.55757791015941
-21.051808279898015
-21.571379370162262
-10.109979670642314
-0.6898161047690841
-17.490071944425818
-16.01734653039246
-16.133588475503032
-12.189855800653504
-7.696269215085856
-12.056999628102973
-31.22569818642735
-0.5541091336477544
-1.789248381489887
-2.6068488616136984
-2.7734787453515453
-3.9535625066130073
-4.008961215767388
-0.9781993081631775
-1.4781329000061376
-2.9505162143545824
-3.7966243272145905
-3.740630866665703
-1.6467243483739797
-0.12510718069147753
-1.0918239301761337
-1.0707796833257546
1.5793934671815175
-1.7764444601846219
-0.14309165156012182
-0.9496766734855893
-0.0821674596158184
-0.17056739081442596
0.7219449631350969
-3.758039064476884
0.3347090121398977
-0.5912182675943889
0.03611761259644308
-3.3124585653347913
-2.517902728686108
-6.716393076576297
-0.7158164124020029
-0.4271075047128833
-3.1060682899656995
-151.87631865419579
1.73100246125363
-3.4323587885712454
-3.34990468928016
-21.50660444196065
1.213851240396579
-8.413543483900476
-1.9178374382532215
-2.8514756370596595
0.2387022550950464
-0.2499557167765053
1.949284601126565
-4.301271475281722
-2.881545524846763
-17.20671989603278
1.704940505945121
-2.5711352181329055
-18.375547644106668
-0.9236104290684062
1.3245495706858725
-1.3326042386672174
-16.597263527035558
-1.1124645097966608
-4.01829434002579
-2.5218735187379666
-3.1084801657013625
-3.1205576702564306
-1.6893693773970022
-1.5476804275543734
-116.594413999343
-6.783748311010497
-6.265251715133282
-3.311991976546123
-3.0832247768801926
-0.23091339087113893
-2.5436612108517433
-7.394927093690265
-2.6756208271564277
-1.9290655479407086
-5.207996093052748
-2.0772494060614433
-3.143260506897543
-2.4463712491008116
-2.426528836585581
-3.148963189448382
-1.3554517127095427
-1.1008368119686702
-1.361850783051922
-0.9548225902784628
-3.4821810853664457
-0.06700049839479172
0.18095849195929792
-6.552704833008504
-0.37393134512317694
-1.5146085025078277
-2.234205550409235
-6.92209862759554
-0.05571392927132657
0.7397909823531876
-0.8348498167286946
-1.8572849272986285
-2.1707758874737983
-17.257698610108655
-7.657556713648449
-1.881149149779386
-3.0139369184058173
-2.0815223980372526
0.1595268227898794
-8.441048251717419
-37.60596577485527
-10.644837927083799
-3.0362463201292935
-2.3976317325979504
-12.389279309558214
-0.5655919468846811
-2.3482173946555704
-9.699977767240881
-2.6000907591593747
-1.7094013063224671
-7.735860490360148
-0.12034807012168158
-0.8424901752732693
1.2209745302360164
-0.6691976691472041
-0.7517713535924747
-0.41884250586417693
0.924638509891929
0.3365591225003246
1.1169020553741902
1.3468851463034106
-0.5367585054500993
-1.405839491500212
0.09527010596667629
0.5204479711931194
0.5568307488517215
-1.2795994398246218
-0.14507925909323083
-1.8224411560793745
0.2987218264456213
0.38057627786198966
-0.5564567178383771
-0.038617842121669965
0.4110346097983415
-1.7239715339185975
0.7336761743053783
-2.553686320316978
-1.1917567776894833
-4.122637214558822
-2.4227446308759175
-4.166113914968447
-1.0872633475063676
-3.966323242355759
-2.303544534814857
-1.3352445030462303
1.0150978484606976
1.0903548965758345
-0.2929947076227619
-1.3830662070032362
-0.9764121897180266
-3.217833018703544
-2.5073649552290624
-1.8870318734217442
-2.4183798138016526
-19.18192471855476
1.7556163646725476
1.512687897867774
0.9744717586555858
1.2863374330382786
0.16715966907019597
1.5599915298130353
2.830429112959033
4.253193055407762
5.756331653525894
6.549798709926257
5.548927174571902
5.230784025012752
5.973202798935588
3.5922909482244094
4.612607492724586
4.388427957076266
0.30027634043836016
1.475205558841739
-14.711996757106382
-2.9485069602684426
-2.0376860491341597
-2.8077117792159934
2.2520556772665183
-20.61550106169966
0.667922741785024
-10.685673434696783
-13.79344066420539
0.5287553641554019
-4.264630995903164
-27.19727534607735
-5.296601533490543
-0.7813861815885996
1.5393593587453154
-10.986280729705154
-4.0878737536330405
-32.31125177038834
-10.690495962666965
-6.656446097522973
-0.869581351438379
1.1450257712248697
-4.931143847389148
-16.01216849017042
-3.5796802965877577
-2.061685678487642
-5.064600189400836
-5.149205819429209
-1.2123454838683823
0.9836525296832765
-8.079875468170892
-7.276144479250533
-8.031448441850179
-22.144716656592987
2.9997990757287467
0.20366387606349967
-9.892440195388158
-1.8219038899460207
-0.4896152111274058
1.2966426170437293
0.10852114852145478
-1.319885997330921
-9.571073209130011
-8.955073550737385
3.132984531934377
4.028622730621449
0.9181186179113177
2.938464182533943
3.0950591785466965
0.8157053931277831
1.2300060396449042
2.1444733768523077
-1.3198935055376504
-1.230613582416126
-28.490271694021022
4.249950188258662
-1.1871932619325785
3.0025858802126413
3.2143407442684557
1.8131008970780935
-1.380347275400843
2.5068560412172216
6.0245161445877935
1.863532131175976
0.9113634396502757
-7.834857352416341
2.2316410834888636
7.458006072505226
-0.6095266917763891
3.1428108227444973
4.397240155978435
-44.76997251127211
1.1243732491135554
3.5545200083954285
3.7028238550294175
4.102649680259948
4.188383981402538
4.424990069887912
3.637880960276968
-27.79380459520624
6.125084908310012
4.49074149003066
6.248083820313835
4.298709891265253
3.7779627621266965
1.8929458816853968
4.705454641956214
2.6715011026620266
-33.11230560174274
6.761322870275627
5.9182658225135745
-29.393827344701318
3.1452645674749897
4.211602337153011
2.4881481259822973
2.3068971581710467
3.706698564874629
3.997825979491071
3.750638026045638
2.118042753571648
4.129803768074604
4.544206778772173
4.512259759494417
5.527257327797514
3.1437956672177307
5.639700388885719
4.9700610223356625
4.4231174972796214
4.666955876568953
4.230562693334806
-37.62948271545332
3.6085968504361796
5.384290761431056
4.376003561356418
3.6298078556136852
5.760003572158519
-10.949969986830137
-1.8865589527937892
2.144718843219799
-17.064101817090066
2.6427279346572816
5.115976452374828
-0.48952796524577347
-28.921206592689263
-32.76262740142158
2.070517018501963
-31.015731792127877
-39.09654734107122
-26.24309810724637
-14.902466409358512
-28.02437655933636
6.1897531043291085
-30.45972843788564
-30.446863686744756
-14.983352117669458
-18.071868574963254
4.9069397354728235
5.525859456141825
3.361108678938347
4.863272734616572
1.8750540450522704
3.0966471149151547
5.276279149442915
-32.74472950823543
-32.88494054996719
-0.14938833843296506
-12.643150680987787
-15.882551650376373
-0.10087022722885075
-11.52239920462637
-27.371616072289637
-14.854815135338654
0.5687166857742294
0.6809352279926366
3.115706543128314
-0.5514099446944896
-27.159273220696797
-14.431634432166033
6.1153932188218505
-13.13044928029055
-30.37338292133932
1.106953469052911
-14.262032935651021
-16.096949170106065
3.4230698872475536
-29.32088272861794
-38.29515253517971
-22.77113300966099
1.403330263078209
-26.11099276167852
0.11199275030909983
-11.779176817210391
-15.163179023440309
-14.211344024599843
-12.2633435228512
2.4113308248712393
-26.646606418177168
8.72840374939268
3.805930605581806
-26.532550449096284
-29.100689608216275
-33.35109167100394
-106.78508724770671
-29.42721086312521
-125.23004198322243
-3.636664034313988
2.7008117640446834
-0.5966492160006123
3.929556439059474
-29.581048628442378
-30.186671987232447
0.4906128915562675
5.379928305412646
-8.427882383851333
4.452047880272691
2.152350748959306
5.0940215282104875
-5.578772491222018
-12.744124421047047
-21.591942737011852
-33.09218405634864
-16.34017600344866
-3.25416335819289
4.862538933495066
1.9200106707913767
-2.4171830324112262
-7.860182103307295
2.5236987933150625
-24.871450007284526
2.156774942323568
-3.5651025505207175
-0.3218154523571314
-4.634469091945014
-1.9551542987618564
0.4607882445709117
-2.6383200345896176
1.0897150796179949
-1.5311197797780252
-2.5965916637902486
-1.6711224022582167
2.661473218443491
0.2167327363795295
2.1544450830540924
-1.7144467794174973
-3.5223919991608716
-1.6966161218071392
-1.5464901074779558
-2.8733642005181586
-4.178896188719199
-1.5287256000163065
0.08468803068816788
-3.7848657453898347
0.6981124946346207
-3.2369482750395937
0.9642962190251159
0.45275486455484737
0.6114640824993465
1.0512379900006001
2.253890312074992
-1.4908173494537666
-2.4947398747410627
-5.1671739468385125
-1.5525608782848948
0.7296311235279587
-0.4406481379022186
2.428866851042028
-2.3472875944576215
-5.9139890343298545
1.5933081644512685
4.146607690402464
-0.37023776283984333
0.2165803149373573
-3.064527697810905
-0.8296011971483646
0.2904925933452358
-3.4347280634511264
-0.5026818644752102
-3.1492429268083826
-2.9820960868696353
1.0106367096131024
-3.064045835830892
0.9067749377897356
0.9881569329105959
0.945446335904305
-1.5454226252666365
-1.4955846345213546
-2.4242675958424797
-2.507262497424458
-3.5314710354792593
1.2786158738459132
-0.6870718875302746
1.8678949548384765
-0.569958213631686
-3.5815861611130346
-2.7492380732698365
-3.77556318927564
-0.10507050357417413
-2.7046524453638914
0.00038982892657335455
-2.2311951281428337
-0.89506116311128
-2.2061272771538536
-0.13792152392429557
-0.7220409795955096
0.4902363375121097
-0.7148711903371556
-1.6118678779831788
0.520798964277223
0.6847737528278208
0.48438697909749995
1.889978583826995
-0.8674470946590123
-0.6991274606908336
0.2984090367909522
-2.4252288934824358
-4.056615233799443
-4.861701179350417
-0.19907922873024997
2.985352823480342
-2.00428609054691
-1.5529890705014882
-2.9031603208430465
-1.58885095229
0.24156347779308596
-2.635538821146667
-3.4097835153422036
1.9630550571295138
-0.05275226857637205
-1.5973292837950106
-2.7170344972852623
-2.6235911917698864
-1.5798713835341252
-1.3256376145984976
1.7311357415740702
1.696976952694047
0.8206205561365936
1.8363062003081043
0.575947958632059
1.8910226552349805
0.6445099397307894
-3.1553657022503496
1.9938750877835676
3.1141536800693705
-1.4276251882424873
-0.182217694463209
0.36643396284803775
1.8707538994755644
-0.8440709430041389
-1.475033454728
1.0887823305508753
-0.711594792587992
1.93379796661188
-2.768087500438095
-0.7291354964816325
-3.5816876021058603
-1.2044680445611484
-2.301641927278292
-0.01086439051603072
-1.3354446797901762
-1.684491703305393
0.2523325326070194
-2.401259089701266
-0.5232384244141461
-0.045797434533014325
-2.1163449197163207
-3.0462683047192813
1.613858417482425
-2.0833510035161513
0.4059406440413271
-0.3657703696470713
-3.716770206683315
-0.4991212082815695
-2.065791276601453
1.6996238345888743
2.2857955795751144
-0.3541882820619858
-5.569459618157083
4.037475804854727
4.938408965226268
-3.5436002828801674
3.7083447737606834
4.3408695213138895
-3.4548681488552457
-2.366226590648603
6.127660314932156
3.313191627516103
3.4938611772333577
1.5640752769554207
1.192929751456406
3.978533840726752
1.9237065408962484
2.821282403047506
-3.8488395062771943
4.6199902765763285
4.220563953295348
3.4723561147805313
-2.0361714893939604
2.933507869449753
3.7750300182284198
-23.828305124436195
3.3214019224438847
-2.872328292276711
-0.18725469523979044
4.456323942003153
2.5921938425426694
-2.4689792851762205
3.2061862110806
4.632808329567936
-2.0627627472275254
4.397440414637442
1.916743422388568
4.081291285132995
4.562437497757998
2.3743956454048587
0.30982590920788255
-1.4896516800615944
0.5307022737671323
3.36336727578255
5.117900120613787
-3.531162063880514
-3.45776950757578
-3.6457514946733895
4.683105064532407
-2.9746097596349834
3.505760405910511
-2.3890876047865794
0.14458600301807678
1.6569868060840904
-3.3174822123938585
-3.834955263036617
-3.511524332051788
5.207649352176426
-2.4054561017397798
-3.636194135896862
-0.9481201914946259
-3.2300640669123615
5.142172666719801
3.2635928196348214
-3.4508466080271947
-3.645072428366111
3.3890349422879513
-3.220704259923973
-3.0165813864494377
-2.937578212453052
-2.883636935009932
-3.4345380463910593
-2.4196883304572365
5.700609525916788
-3.663547397020546
-1.100821140487988
1.2693202370883294
-3.1085103411289565
-3.702768744073495
1.696642754131927
5.022832076861213
-5.829339561715722
3.7802240072207836
-2.2943125010287977
3.0955242173740007
3.0053416396956907
0.6079193557249392
-3.8697302058469503
-2.8055031352012074
-2.9517604524983687
-2.3981478569786225
-3.6831549320789057
-3.0290753822474135
-3.4657593947028147
-2.753434539127953
1.8462407156024132
-0.06091966798653503
-3.119183927260961
-2.618135948627566
-2.98861615210399
-3.3297885327066
-2.901942759852236
-2.2131445565118155
-3.395588293507074
4.905373659418589
-2.848947211066262
-3.470541471229866
-3.6157731002302245
-2.881074694857002
-0.460720881348476
-4.303166598517448
-0.5198850253795562
-3.310098007227912
-2.716229727173847
-2.51894361953903
-1.8231444470882425
-2.9264408716346733
-3.6186944239872214
-3.4585873227808626
-0.9426947475106755
5.941854512682341
-3.009261265582714
-2.8262122929599145
-3.5163904459824185
2.0437000122802935
-2.7205157590972973
0.28642289475103433
-3.6722167126291136
-3.074863877356052
0.9318349209794168
-3.326712776352962
-0.3744163271554093
-1.7886946367242678
-2.3904682996956
-2.2912677168088673
4.910010836873823
0.6107051184345029
-1.9120394800485405
4.412484058292576
3.9160853282623007
-2.8825634625631684
-5.664725538780913
-1.1378733779067771
3.936312526290614
-0.9834312687243035
3.439058354776348
-2.803195489206429
0.03132801861316081
0.10676952988219646
-2.815085762334366
3.7127319585873417
0.3975236465167249
0.61741173028418
-0.11729311052569869
3.356103898643828
-2.1623311070650812
1.3891813291218136
-3.5686110901789125
-2.4375919307728022
-1.1629941742718222
-2.626070336426295
1.0699954072115943
-1.1435245919339758
1.766466177547351
-124.79468372797727
0.6501366184900181
-0.39284941326268097
3.075260821611929
1.7246170910165333
2.2442205892503293
-126.53973059613209
2.4167907623092586
2.4187087962739144
0.3543274263876164
1.7457728068840974
2.337324168742322
1.7639963641284626
3.4066379061287737
2.0169317123250434
-124.82069721318224
4.298626703127597
-0.7057228621728711
2.416230097509297
2.233732924571884
-0.20633523172906754
1.2552968103274065
-0.2666272939996197
0.18352399476648373
2.1137783444596017
0.34839187770585234
-1.172748818858835
2.7064004464379203
2.3034034060630977
3.443884131516021
0.3555161168395222
-0.9369489238007599
-0.24267162456673952
0.7677290028973176
-3.0715228227442135
1.0597041159154212
-2.1035529340766366
1.1987418177742506
0.033554993929963306
-1.440765301492531
-121.28137599406568
0.8213841078849495
2.1624069975651836
1.945312246175738
0.5197767278758181
1.1195553734811612
1.3269265598527458
2.454823514829076
2.911802758903551
2.8117636120207643
4.335884363475569
2.48161133244137
2.96525500171259
4.474684647618485
2.1082243038704607
-0.07462499776948317
1.2606773530676358
3.488434457470353
-0.8121010436626745
-1.9947394008797892
0.5392761860297366
-2.48860770975426
-1.8160611006592953
-1.9056105874056626
2.415787358315662
-2.872223410302152
2.7699969086889156
1.893725429003593
2.6220111028334743
2.426365286801012
-2.398117758547887
4.023506710878264
1.9030487528635818
0.06585082350174631
0.7248649405877994
-3.2848785086007197
-2.923126883393153
2.6317009802471505
-4.963615108866864
-2.3775566973295064
-2.120386622925602
-1.5577860754296784
-0.6691584569650405
-1.822723677745088
3.580884036026738
-3.732841791131847
4.218774120210356
-4.899244968018804
-3.2552019073528538
2.8137041753673304
2.6851524550188333
0.6990699744510156
4.0655110070879275
0.7313533615631378
1.5781241867636964
0.3923678961321715
2.5321255897600206
1.4096984145237754
3.24753400731397
2.002827147000161
0.569659941467769
0.040983809012301364
4.226529676182815
2.272175497675659
4.444415442590289
4.30864849641609
0.8820157009031
2.1628197422126934
0.6308796039124311
1.9613927813116478
3.805641467464465
3.1620407077504833
-1.996079948971671
-2.0122947048054414
3.266532416905272
-1.5168064706043056
2.0092084529747547
1.9660059908861283
-2.515946100437392
3.377040354624384
-1.975370039254739
2.766349107685964
-1.1395535328344744
1.9102028040242138
2.2357667823735
0.3522831989604347
1.7393687434298926
2.4625732308470933
1.4183220685375857
-0.13018486199217383
2.9254647080581595
4.15281024293943
-2.5226040799015506
0.9031885650555302
-0.589258478072782
2.3667548338354902
1.7236546203022232
0.6703645563442251
2.535024703473008
2.515775549851976
1.0487432351037858
3.347007551091104
2.1797170509366914
-0.5314230796589181
0.4256845438467973
4.107301719324666
0.4500738124040282
3.9945734217930555
1.6263131586785127
2.5803986360890194
1.5875926953162995
0.5160798393202315
-1.5650106096665082
0.1402766997199496
4.179793350666135
1.2772316807464996
0.8329397676425647
-0.5649188978883131
1.1245906943020745
1.9253607123360625
-0.8382691331089814
1.8667025086837823
-0.3790112887714059
0.1412549854144458
1.1491323141393535
1.3945801796796728
2.616742232674111
3.6257481345267353
1.1598886011025522
2.465976020847757
2.2281737438550535
0.9960364947697775
2.0718262465291963
1.3778984330104054
3.259961989697687
2.6578562478690113
4.1124199773948575
-0.9102521443869922
2.8616042766024647
2.2665660151460543
0.7275181270511819
-0.8548304648846388
0.483927708837512
0.4850300282665194
2.1563088129215577
0.22574695548912094
-0.10562763138809905
3.3859253174790664
-0.33804643870269246
-0.9125184702699415
1.9943598461573306
3.3901459420199203
1.269769657175369
0.22527373059280165
-0.2410540965073753
0.8490344118035107
1.7200482121780505
-1.386874558504358
2.094570794826996
2.612771872390056
2.390822542985904
-0.31933706728120814
-0.06519588606245774
3.292997749471958
4.151817695229625
0.42314736492931937
1.135118726100771
1.8187169130835663
-0.1140568146786316
-1.6585575830085444
0.9027404303544531
-0.740933069001261
-0.8744366199964024
-0.6885521607001648
1.3521976754947858
1.6700173043670765
1.3985626907171715
3.1714414246107134
0.9082242633246356
1.9826585471580396
-2.3351243668691426
0.41415160086160796
2.250350255727764
0.4463484883029003
-0.9455517901834334
-0.33248679028637673
-1.0805568115748458
-0.3646619597685822
-0.5690621653447564
0.3532772966337687
-1.0122559879378743
0.7199988458243496
0.2410963844029057
1.2059547075803092
1.3152190945471336
-0.6121568754060828
3.4485201322287296
1.500508838916197
2.6714740268836423
-0.8667720584521699
2.065873440799615
-0.05721705030774282
-2.4905221390997387
2.473616151914621
-1.2081562290995675
2.0306259420948694
2.132677885062236
2.2811458374050733
0.6344070689451597
2.5355754770102603
1.278041007207086
-1.4259269294813284
0.2812338650189343
1.6872082419633339
3.899473687255755
-0.12556090322012825
2.2970798846650817
2.273184407347191
-1.9978701529161378
1.2497802949510524
-3.513232287120073
1.2549281820034013
0.9433149208918774
-0.4479829075373719
2.9314977295411135
1.1556148082430768
1.9154494441611085
2.6185562978368204
3.245401648438847
1.7511841373716792
-3.484725305791945
1.915208156537266
1.4147114964829135
0.21608133561225795
3.747937050056332
-0.8840293291313575
1.4521346925472254
-3.3053698635908493
1.0787913445460906
2.3482069851253193
3.4198368598831177
-0.44468871459675663
-1.9752911121801806
-3.4771376839435355
-0.9768291111495349
-2.275065708097383
0.40440234812846043
-3.605516604908353
-2.2742245693535894
-1.8607221469165123
-2.0699422900676736
-2.6996650327444085
0.09211682397685972
2.7784736238916747
-1.7159625272049237
-2.341467507814989
2.449282592203464
-0.8619843950774517
2.73522489793319
-0.6837615402918324
-1.6564263832916821
-2.9398111806636056
-2.028297366592721
3.4850952698625637
-2.4467316648731146
-2.400213930840914
-2.2145366075305866
-2.8085738783621528
3.8384001910810657
-3.105211737119593
-2.5152427944187083
-0.12381810080011668
-2.714947866669703
-2.9905484568290417
-3.2537177345616115
-2.91436652880038
-4.237457152166094
-3.734798099097487
-2.393702191007637
-3.006258117410042
-3.3188403458315885
1.2356114305743233
-1.7255396195215513
-3.5640482867533967
-2.627330649835367
-0.2919927614039447
-5.618430893198276
-2.573251793196426
-2.932204826269918
-3.093328241610278
-3.8313927118175966
-1.727979186174772
-3.3124769788458943
-2.342503637827933
-3.0423415231437723
-2.384188803807519
-2.7808898135336717
-1.6954335059542205
-2.637321634210646
-2.6988314917776735
-2.400442784056068
-3.198452738702921
-2.3021206599237996
-2.9283865098667645
-2.1077360212389986
-1.9987501328818844
-2.0851815828204474
-1.4775175066714514
-2.1774992444167536
-2.787019483605399
-2.1123939873340207
-2.2238580304986466
-1.6165620921806743
-2.5843442845748106
-3.0698611876200887
-3.1959326147114266
-2.8102843847994996
-3.4958809409034437
1.7486024987461666
-3.213653451162082
-3.375960878335559
-3.968583765351214
-2.7609999841181567
-3.0301844787672167
-2.7542378767691567
-2.55373426207155
-1.9386410862238461
-3.126951011927177
-1.974562382627901
-2.343682746497602
-2.5428114488466322
-3.0787187322160827
-3.3514675036991655
-2.531437773632505
-3.1207998731875164
-3.918279544549685
-0.6407519844425662
-4.719072822341698
-3.52999223451627
-2.1141192157746596
-5.264271307167907
-3.2404710149988536
-3.067611837495736
-3.3901050004176807
-4.820963703337435
-3.086785894173507
-2.5558959645709667
-3.681902840989951
-3.452957647679996
-3.6108852675310343
-3.8991160356644547
-3.142551279153675
-3.2200191688214765
-3.3946461427900942
-3.4998531047056094
-5.408738485035178
-2.2358307737801226
-2.8651802430860696
-3.389503060538166
-3.636551447227598
-3.35120682861532
-3.630090054204688
-4.084092028014985
-3.522769557125866
-3.9216222925732533
-3.262779260359082
-4.758683198930697
-3.777197668506452
-3.632762303776422
-4.881513375497111
-5.833584871956461
-0.728055436321226
-5.079237104900804
-1.323062066594761
-3.257569295276579
-3.121746629272279
-2.000783907803398
-3.2070233428714174
-3.3240731521318483
-4.135237451734644
-3.39264633162506
-3.412921838637442
-3.602569205758475
-4.179780682672439
-3.5289665468968447
-5.7516286002409975
2.711354448712118
0.46071697885015594
-3.0761539515635596
-1.9067693903800103
-1.6301883523861584
-1.144797239184381
0.2493908480294047
-3.6542812772422333
-3.9939931567894935
-3.609687273835141
-4.128518653604667
-3.737877202321467
-2.813649285378946
-3.7297911435980344
-4.283553894363345
2.4897346899894357
1.4756786730984843
1.1406739511291164
2.2531570663265894
2.4954429670950975
2.4986899618431897
1.93395087803093
1.0890089432243277
1.1359388764525447
-4.216947706791265
-3.38579023329293
-3.6233442765250805
-1.393596780755245
-3.177722973675158
-2.785400025082134
3.530758460329607
0.3126756592995201
1.537898018984123
-1.1074106309525678
-3.803306702176727
-3.1297316126078374
1.4503987941046574
-2.8937176482457034
1.9373969008444467
0.9435780373507476
1.2550312344953407
-2.316811749673137
0.3757556706201266
0.8000682697761796
1.1988696471552052
1.8944246711668877
1.9082506628974034
0.4956140407882619
-1.0455012779155117
1.4545459077128502
-2.8490278981756423
2.482234009919691
0.09371114567108352
-0.7239209665376708
3.4555181038479024
-2.481035278540727
-2.0586083748408885
-1.5106694399314007
1.7321114440641057
1.2937585777137417
-5.5266322249627375
3.2518411432833707
6.294467857464097
5.3798543544635145
6.038677916652212
6.380598322591356
6.458377472094646
1.9188134413436035
-1.5148722150269895
4.76791181065018
10.52159994142456
0.05688186398023998
6.389331811479763
0.010482717002428421
1.5709537033140673
2.706034519085968
-35.6611067095587
3.070468978252726
7.51533904419591
4.3172527430318315
2.3313959065712995
1.9482808924621557
4.277589953290297
2.2861727835858874
0.5522556096936238
6.219952801854349
-5.013393039214114
4.296293135823061
4.283308220875141
8.632827341196746
7.38523076729849
6.6775210322389995
2.5744171949128325
5.18341966832864
4.826738304523133
7.042597756788291
1.858323120391618
3.9475337947964038
1.658457103380937
-1.2056183375523726
4.385022736020381
0.5019365551086736
3.82974618792875
1.7827297742093613
1.953780789933477
2.661837854759149
1.7749882801119288
-129.61156551272572
-4.8509317546533435
-1.4080138315136241
4.296897648181767
1.5736291424400761
-122.98479325802275
-124.36704087308422
-56.90835418382296
-8.746017886240033
-44.886597704747054
-9.985792780975503
-54.352954361805864
-144.35738765903812
-17.04625857227885
-17.268471354816736
-17.503369532975412
-13.356215279609028
-14.892043281389403
-12.002571773751953
-12.99044615335266
-15.192222056787923
-12.914003171812126
-15.275182689967878
-11.704510624902946
-11.658676196855808
-11.282881870876373
-11.817352301988132
-11.763113706422345
-6.598393881062664
-11.383016294633354
-11.411681857296573
-11.73154073519322
-14.278538941663692
-12.385184429486602
-11.793836646181845
-0.9511910039718892
-10.814700844500834
-12.096292370174703
-10.256439458547783
-11.36490747501639
-4.78873774849313
-9.440143596769005
-10.748012250935972
-4.949391917367778
-8.222359039241447
-9.821253215497359
-7.419930937610874
-4.121505643056281
-8.183400651555512
-10.185868621202804
-2.665352608313243
-7.009134809462976
-2.3245138369953846
-1.4622855177347884
-5.413181465370582
-2.058902479371677
-0.516142425245916
1.7046475363193743
0.17480085387577482
0.09074169048200731
-0.31792925985157905
1.256322214036674
-2.8198718201414055
2.5710113867288498
-2.79151129993447
2.3262494104055973
-5.004477843593807
-2.0755487255264686
-6.977267859266764
0.12733199378328464
-4.83632505717695
-2.928007413721338
0.5289287163683529
-28.352621847907713
-10.712678877158709
-6.3613625687944415
-6.121438830288748
-10.948526982383187
-0.49878606980573703
-11.67247046200559
-4.097105399630656
1.2205393150784105
1.1635996218578204
-2.310796663407006
1.426307264031843
-0.41076567952402465
-0.860961138880036
-1.8198793658136099
-2.118042349755145
2.45591554682042
0.6579059868529369
5.386534974123659
0.31488945020921766
-3.8350760481742525
0.8006213794636194
2.2951839673776804
1.4656547503226132
-4.833808609830216
-13.006866679972031
-3.986848399540098
0.8725626020713999
0.2427503016535728
-2.175701984086774
4.5740711110395695
1.3894267552150446
-6.892140955692779
-5.478740857156613
-2.157156834858159
1.0560102845871215
-3.9798534409804267
-0.17499812706249496
-0.030780755335312215
0.26425311774636295
-4.604448444032419
-6.541668508131679
-5.54358385039695
2.3912943129315214
0.9132310936270922
0.9269125467129049
3.087895890391894
3.58460076808852
0.7329034342455376
-4.161586070581336
4.59300508225414
-7.878782870116335
-0.5620285872009906
-9.420992310509082
-0.545275066387992
-11.209534728527204
-22.672267825853705
-29.723695942065536
-4.597047532710253
-10.163793962895872
2.1196961398875964
3.621480522994652
-25.167220551346592
-15.035580569273172
-15.012168051859362
-19.865002692472192
-7.268458481631552
-21.61832681676921
-35.29147255930181
-7.04804553803243
-22.869276764210614
1.9284222686073456
-20.190958035242435
-20.22420487404242
-21.0176217518098
-25.013155179297872
5.002449277744327
-1.015142058849957
3.770674966685471
-21.345779289523758
-23.913239269854657
-17.28131056875735
-0.29259513188277964
-12.547481276266149
-3.3208556897843584
-17.852016846468054
-16.617622003979356
0.6485729548744819
4.386169556050173
0.7371222589785877
2.960294189023472
4.906672862955679
-27.75205152072101
-17.046358441333282
5.897596673344256
2.789694535278095
-2.9698308451316935
2.8603116910575554
-4.800110020605537
3.144998270983499
4.7172287580722045
4.811327190913883
4.527855113169391
-2.3289682612992717
-17.313200868954258
3.8249354121647823
1.374572110267978
3.5562632240342538
4.729532978152237
-10.877774947279752
3.539610999614931
4.25729947682594
2.943975556487219
2.2915273137365726
2.3978370061218683
3.315584223746943
3.1614500428270533
1.832622457495889
5.110275087850477
-3.6516178731533397
1.1007995066897305
-0.7394204754922546
2.534623386650346
2.489583408107986
1.2164149330053378
-18.45650357870385
-5.1049951014705055
1.1314532912777917
-6.563924666420249
-8.008548310243832
1.8173908478550889
4.378494398676017
3.157796526830327
1.4281327727567383
3.4909762694208597
4.151106434272986
-17.891314829717086
4.414239227212344
-26.138250583638758
-6.509039838633614
1.33473104276369
2.197387464317964
-2.042781023460747
2.5993780328296077
0.9781183296292997
-1.5101239903444994
3.2979888928833763
1.896944281156177
1.3340792453335624
0.5342231312959156
-18.20684634706832
3.0530091848485172
-0.2942813710831117
-1.7882087187959488
5.865986929773977
-2.7594581034717893
7.048376609188198
-7.782789443667897
-3.40598188252778
5.085748017409194
-26.910789299031713
-18.76650218665538
0.05509424726167955
2.676785830445897
4.984473004331424
5.034861493162809
2.424830701404285
-4.4370730794820314
4.713811397443602
1.973274752011985
5.020023320659998
-20.99032304380462
5.123365558366603
3.3890136776205635
2.021240442280039
2.804983462265228
-0.4259593053370081
-2.4739378739853093
-10.265754511718193
6.591249103698257
-11.026741100957613
-2.8102052267864344
-1.694451887715611
0.568911289636048
5.424700491399816
1.1580081695437014
2.97880500366989
-0.8632920972268773
-12.068012200694378
1.9573444231602837
5.621067993376632
7.076947109802624
1.4107697671726411
6.790121821748169
14.140281252637672
-6.702105852252605
1.1683182558082033
2.80979049846716
-9.8710346155966
11.438431399799267
9.196267931883854
3.108064634293311
5.613728847826519
4.14101868930459
5.310344223596467
-1.1245155690944506
2.5767500723523966
0.1974310438459126
-2.0064114630091963
-1.0382913504435392
-1.4915516782547424
-0.30377552085462756
3.2835673672718304
2.8273420736513404
0.2084585729930586
-2.680426315731681
1.6972991768581167
3.47636103456312
-3.505755780165394
6.384999415768158
-1.3146571550034027
-0.2314877145371097
0.8184949520021514
3.0247407561037605
3.846682304658616
4.080528611284372
-8.060048141165325
3.4276688199424896
-0.9980949680699641
-2.618567634046544
0.3628762510667247
2.772572281184914
2.7048398062225014
5.693961612879297
0.7606165933565558
3.3016937360465493
7.5366149713831625
5.765779825565714
5.381564917800948
-18.15256209338643
1.9002329544791343
1.533029333638026
6.149357792607198
1.9725725752469128
2.592868994950628
3.8477479508363945
2.7571442508449135
1.6465858843754946
4.500629798884659
-0.08019631866311128
3.5699091613021317
5.0368087682115545
3.1817808615968843
2.8043128048740344
2.1049646546815817
-2.06133509146422
1.7232119563445405
2.3919594289075254
-0.40820890567762647
-0.35017241215936945
-0.34610792614426145
2.509735286977917
1.578665853406612
-10.71702926626677
-0.8785394685566419
-0.7890565879922397
1.2855206099208458
1.7216218689065799
1.3640882620016699
-5.990999746414753
1.8178359568010385
0.28796376729601314
0.22751764670821628
0.2818271401372412
-0.8442663709471646
-0.09212108018213883
2.845016554982089
0.8482797774318644
0.8882253624790644
2.6294229903540285
0.6311292136907589
0.5725570067918555
0.35025835887709134
1.2538436597722278
2.53546608007637
-0.5149642547126856
1.9382194666247803
7.05376397000812
1.3469789385913566
2.6158476251916376
-1.1400638287464775
3.2108987445545694
2.5056590316096905
0.36201182014953215
7.8008863546215
2.355327233688286
2.024323029742263
2.6148523900105296
1.6723408889292393
2.3505329174552982
0.3841470143447332
2.623934512225287
1.8258401733115357
0.533605633801471
-0.3742828346986804
2.432925579787853
0.874136136105129
-0.2307742250151994
0.15006907801640557
2.1371427034139665
0.39334660094914087
-1.7315387095871053
-0.4313775705993186
-2.21270709230813
0.2974756512866972
0.528283192135393
3.4777435154337386
2.6730624584325917
2.3017406779248284
1.0718341066005337
3.408943024918745
2.343309041933469
-3.695229629147799
1.0702125041155774
1.4006605281475881
-2.7188603981466337
-0.9670823255926395
-3.1061259494138316
-1.0348206312879888
-0.9323543215226354
-1.762750428440048
-0.22237051562282162
1.0833089782403147
5.6306927762298535
6.240485667535416
3.454992705148335
-0.5511855515732109
1.8418324734759555
0.8809424356948561
0.5035765943086412
1.624089751434199
-1.9744485898725663
-3.1445682256358376
-0.3302244223374844
-2.65440233758418
2.3889094079105777
-0.2702414384676798
-0.11069379661728929
1.0921293443907092
0.7584668651508772
-2.3088206662020343
-1.1074805749543026
-2.926091225237277
-1.9744148104668904
-3.894928875553422
-1.2659014150020713
1.3059704376303922
-5.54096678943218
4.512522648092357
1.1553616266016205
4.67270434544049
2.404729158759735
-0.6243975227675402
-2.2082050550933943
-2.202236881775935
-1.585245755059026
1.7222269848609972
3.6224912121420116
3.4982620941195615
2.3527633142986657
0.3028055981248605
1.8740609756084141
0.3709821105543518
2.1493598774534974
1.8196861075293307
-1.430392913714675
3.4877082929071053
2.967956508519749
1.100386924830576
2.6407939841051857
2.0371833988504946
0.5719863746777765
4.628551217916106
0.5868656291514631
3.359486033289926
1.8193322739543722
-0.7765744708065991
1.6633565332156897
2.4501741072020184
-1.8745538719175392
4.628904700119048
-1.7152510625260589
-1.8583007027664784
5.130702652289842
-4.788408057906352
4.560719429203153
1.2691032297381502
-4.832248005298352
1.3626209676380587
0.472849122480798
-1.9681411649128289
-1.3103758015620226
2.010092539634865
-2.0946710744773327
-5.695653586699938
-3.263043319775414
-1.7902562331173884
-4.131288962952793
2.361037111946305
-1.2404241474842015
0.18068412785542276
-0.9487345987980556
-0.16929585757230659
-5.560241446113214
-2.0361391094500796
-5.159285220886271
-0.9185583978568521
1.1912205196950447
-0.5712621963905804
-0.6808389007188397
-3.0170404725275226
-4.769031972678997
-1.7072557380919695
-0.8049825725921739
-1.9963291674386703
5.590950680290034
-3.369573602252174
0.3309576064726931
-1.8036825535744485
2.074210732124742
-4.563386597967399
4.150362825522356
-5.079444214306771
-4.9285625962639825
-0.7333142656909009
-1.7666279664561153
1.110476688078295
0.47380857988260683
-1.105521799767937
-1.1501853299681055
0.36186442829792576
7.55461556030189
5.817842567570501
0.0561369892778667
4.953419106482217
-0.4774985303950211
-6.226939502323282
3.126723955502732
5.8191197514068325
4.933880654405414
-4.234571736030899
4.968336334304885
-3.285414798638784
4.846397065594791
-2.4302509905739393
-0.5321727222222838
1.0326838630487507
-0.758716501771258
5.332040179960353
3.7770548964218493
-5.788130930976634
-2.917625993172951
-3.8148217188070235
3.621828165445482
4.295363915455644
4.038323114685715
-0.4641701310692963
-4.6491972254809735
3.3510291809048525
6.257218847583477
3.2420522306735364
-2.6949715588539847
-0.4751762285617489
-0.2644391550924624
5.34279383089455
0.14304743793047958
3.685244983417915
-3.0755862913861267
1.4413914366525922
-4.3605475685354325
-2.3791301543749874
2.371192945046661
7.33387653545228
4.149658790942278
-2.4269416608043626
3.4435474011090887
-2.4734646629095085
1.6419760438849549
2.423824836920326
2.18851854060311
3.459800103158379
3.6471292612915107
3.6977692074635984
-1.9088069103962453
3.9282998540295955
3.162281866002787
-17.333066073932997
0.3910160827704572
4.040151561379781
4.816545447870471
5.043716915117578
3.648863556091987
3.0749746225381607
6.069757226264105
-1.7355154098034864
8.952172215910007
5.698371943873669
7.599115846017991
4.982872211124436
6.237466422817357
0.6557115911543412
4.555979491217682
8.437160637181876
1.2647257077128962
3.314592984708953
2.84397266381855
5.423447573412203
4.18150460718081
4.698796658853998
-3.339328381874912
10.792757601657337
6.603454469779348
1.9248654926698636
2.3600239545212416
5.430477351346365
6.4342650386449005
5.814988957601056
6.076511329179626
3.640925637980377
2.054689827364558
4.315801431129373
5.376584522839791
4.457096603331464
2.6866960974685665
1.2418115654330069
