-2.1774549160861647
-15.454378907044418
2.5418735340207332
3.4370701158139827
-0.4856872550562653
0.9922890403193891
1.6077987902380229
3.240013462287215
-30.35623744250554
-53.95411394082091
1.1393280106891583
1.1649536713259292
-0.5593110013401419
-45.48568693858566
-6.811150793787011
-22.135258870397795
-0.2798915476963535
-12.452565998888653
-12.522062259079034
-16.50713238334128
-13.900672364421307
-14.22984119910328
-17.80201801804915
-0.22447200527046107
-3.9266280715438375
2.214450253964169
-3.3973458446941813
-14.211278636746693
-7.990615676420431
-16.91214219959228
-5.3493319022695465
-8.151969314390637
-79.1525864522829
-45.10403020339715
-24.764997491947142
1.1512684112309177
-13.231707656119644
-7.701067275408655
-7.478839960367343
-8.195075065633283
-7.708051551742479
-10.374033137453104
-7.749629185802461
-18.06526131482469
-14.474055446342875
-8.616409409019475
-8.75904084402509
-11.96130406242702
-8.3351891289788
-9.071477275808341
-8.19987862133421
-7.362443206504609
-7.646772549327465
-7.020102214240154
-6.831922951613244
-6.637442644271226
-6.896289524193387
-6.219058353920739
-6.693231842851574
-7.078633671114316
-6.657812531882994
-7.027100309642649
-13.215716490215934
-42.044910761070135
-5.839291450513527
-35.07430241654022
-20.825969316111458
-116.71434274566697
-112.19047361548645
0.03335062825244961
-9.524384134941112
-1.3675094803491006
-0.9751436622496691
-5.572899655734502
1.3535220717657346
0.14308110629828952
-4.105572260506451
-17.98168840686683
-6.241240009822569
-3.2572606739692858
0.32066490723193186
-3.028750334205723
-1.6026075366431254
-4.058090322511425
-3.4080820785059696
-11.908250788068703
-5.8070524298114075
-3.2313268136474447
-1.958845100280516
-17.497809186069517
-2.5164458433156067
-7.552173349446925
-15.029583674718467
-6.916079917752493
-2.913776465421543
-3.7536228344282137
-4.261501695008949
-23.176753330158697
-4.969564708653838
-6.416376516857338
-7.4555901582563875
-5.213864229960368
-3.131867309548892
-6.48585700585639
-5.857504076356069
-5.793911740796022
-3.9627104434488936
-3.078240849515422
-5.939154012175585
-6.891335052783912
-5.916508158805472
-6.740164868451035
-4.347802234767624
-4.960305513671716
-7.125042206374771
-6.222675728878223
-6.519579509204872
-11.69817395031964
-4.476167223566597
-4.476089314285042
-5.042218852919839
-4.7734363670405
-33.51760254008386
-4.270936454255134
-7.19986817320219
-9.478720246161025
-3.5951043242571576
-5.577817163612694
-5.607886711752118
-3.969218615393231
-5.304566396107275
-121.0368998456607
-158.6649526740632
-0.8801888411246874
-4.509654862442677
-3.7694207819197345
-5.790780133318156
-110.69639261213976
-4.437080322617664
-2.046814910451573
-13.55656853294001
-1.8477434297036375
-1.2653477142974758
-1.1942256523238028
-2.033280335871501
-8.46715515901769
-6.0723477377020725
-3.5577744588749503
-55.057440800017936
-130.63082654237766
-138.6861947124973
-140.4399608611943
-132.65240129807873
-131.12634183742955
-105.42962425567124
-104.16043229651928
-84.8070727449631
-5.732990702574858
-101.27296223200308
-17.52734450590036
-10.238765401809943
-43.52691576194551
1.4839705760671449
-26.245452009295743
-18.760351217657327
-3.030796942761792
-15.071860447492451
-4.349256411719445
-1.2651967730813998
-4.08920388811811
-2.4201297331508265
-2.926421662113321
1.2144863199135285
-2.59131543481226
-3.330101228478441
1.402461678139244
-3.989256389736919
-4.398805015632261
0.5179126153408242
-3.3246504530708
5.5552757318827
1.4205696098444363
-29.626635861609785
2.729762053990427
2.646086806988346
2.6527456745744087
3.9205288778136786
4.658056589999547
5.022272430669981
-2.587083835415701
-1.2368049042186098
2.4698828085718603
-1.0337671531503982
0.6974573066950167
0.3074299319051268
0.4530084470349034
1.5406214423216862
1.9931256606333547
-0.22900046533470453
-4.253396449804306
-4.560371708404581
1.14789620835051
-0.5955527041672399
0.028524639484784897
-4.574265447236756
-3.22022984765594
-1.868021038454026
3.1463932160039754
3.395208804505563
-2.5524771703293854
-2.8622790104877183
-2.7501923891324553
-1.854684097513248
-0.6943695600902029
0.14913971527417447
3.5314925995072928
-2.780339717010577
-1.494649983607234
-1.3895263519512198
-1.6667599869963423
-1.3623996539145864
-3.2464053799801835
0.23108357286825698
3.2052406516304837
0.9006787698188168
1.6383410098629452
2.446443336730201
-0.8985218173544858
2.788282793666856
0.26954702088019666
2.2640160887778418
2.3779158629523587
1.3854711381439118
2.5760122464932476
1.7059988080967847
-20.028713645894083
-0.29519430986822726
1.1061722208211804
0.2841183039546049
0.19286776971859232
-19.163051699515744
7.546858708184365
-1.0366315795338399
-107.92365280321495
-90.14167437503268
-88.73629872693816
-94.46335177664079
-5.918815257572571
-101.86022568783082
-99.6179586720221
3.577020253019022
2.4657933251267923
4.3534329484757
4.645814904452921
-1.3753394122190636
-2.1545669754383434
2.295378146386397
-1.887797960645833
0.3573691799715173
2.360693650786142
-0.8900423031477267
1.574805751307557
-2.032752191530541
-25.9196475878746
-0.3913194155531623
-4.65745265570691
3.281027933797489
3.056917077307588
-2.4430899391504526
-2.296371200589462
-0.21309025434901252
-29.3564657539553
-0.5981121611950619
4.581352224272364
0.09917283428025603
-0.32124212386241946
1.4095165390196862
0.08205360490828384
-1.313792453249839
-0.7207979887978486
0.89001643913426
-6.936783935957279
2.0495417247657937
2.613503259695094
-6.1093198274923495
-9.030939970540892
-8.578711697227869
-1.0426157648749648
-104.43096220464739
-5.069695500593943
-4.092212594074039
-69.67182292579926
-2.6088457295441727
-4.876785039613392
-5.435301247350873
1.4072180302160122
-0.29449616839372417
-3.8588426608825124
0.04657024518959174
-16.16603809954041
0.6328824074851933
-0.47755941965314264
-0.6752430221214887
-18.77742940719401
-16.267016011611474
-37.937040832369355
-29.228147559562593
-4.825315052002667
-25.909025450330386
-4.947341848365195
-28.393780980524543
-5.282298655478907
-22.680946844642673
-30.36102755926178
-27.98695669877001
-1.7268176589546114
-2.769871628188837
-24.71876615032088
-27.114349573391646
-3.166790947539113
-2.8057208856119114
-3.5621279610755554
-0.2588910905056765
-1.853266204136114
-4.648213702618458
-2.766957203106333
-4.996531166057412
-4.07113141193427
-2.871416739206761
-3.8388454396811653
-24.48122908987337
-29.306506505096557
-2.499519144823155
-26.53755960425021
-2.2509142856653774
-25.480140803019207
-2.2256123265568157
-2.9015450091414743
-5.53053516047184
-26.85750345389173
-6.169506947123131
-5.82451730021353
-1.4907371771323181
-2.4956056359137113
-2.6530098963545985
-2.3422761080355152
-1.1759154727368952
-31.353701278170405
-1.6013263521262564
-3.9754438132396097
-10.046056846095246
-2.098816139842074
-6.986027841517697
-7.325516902953695
-3.819691065494823
-34.41287830811797
-1.2263293748827055
-2.6811865357349927
-7.217493050237501
-2.7703325177971267
-7.281736864176265
-5.274041485895327
-5.854641584399156
-5.307907792386289
-2.879623403692931
-5.643254366307209
-1.988278031633235
-4.012066299539368
-4.301654668753814
-2.645141290972941
-4.741197714006681
-1.7786423470123334
-8.089596437290623
-7.495881023087852
0.1526844590722285
-19.91736953776633
-8.835640624831742
-4.461789085435991
-19.65908123108558
-18.52217774898062
-12.203541873655595
-19.848912795708088
-2.3078660675116653
-11.933678154088561
-13.086191091720789
-29.5453672208283
-16.907084576097624
-6.8029437352971485
-18.478917424783116
-17.436420676700767
-2.89384586052131
-4.795188679129194
-14.513339622229337
-17.432572628292878
-6.376281667085364
2.7232596904775503
-5.846822930229209
-1.1675744433542707
-27.411960968827785
4.935161267811588
3.761330469918745
-3.67872450199537
-5.227648322934441
-6.000600923410305
-2.6027399880016855
-5.733015371986977
-5.116455583003041
-5.157263382485757
-5.965850899104029
-5.624246624017752
-5.853505885496117
-3.8335915265455434
0.9704061901119239
3.7717885238282998
6.841662016110923
-6.690561868942653
4.332825755969935
4.299882931912394
4.09913869618376
5.351157221608093
2.6461434800752914
-7.094469251895944
2.493363082955282
-2.197330496180337
4.225269539408851
7.183178531863415
-6.648255547692997
2.0938307045457565
6.0798672773608295
6.0897524136658765
-7.363891924853744
-6.551915037124727
-6.476140628540888
-5.987107136482993
3.474786370284238
5.5923764732964365
1.3782834442897367
0.5418275574160154
3.15833553276289
2.444801359810243
0.7317479719901465
-5.367500885643996
2.085570045145538
5.956383369541417
1.904054613386899
5.8190491450577975
4.715909027398877
-6.259998508580652
2.4751030029048335
-3.828626130937442
-5.910487880291109
-5.822203908052295
2.2920615769618524
5.954927917654784
-3.1573329403116355
-0.37349034634791267
-1.232512719534337
-0.8398339239531779
1.2246286928763928
4.553697379920008
3.636332308805705
1.2997668321418234
-2.6006189550546313
-2.381253982700018
-0.07910451191725565
-7.584977078429081
-0.13765893323781653
1.289886578237951
1.1362492197629352
0.3352170729988717
0.008169532216463438
1.70411354786716
-1.9687439049084214
-3.1490174762054055
-0.12304497903290346
0.7795820048316333
0.6696412693429734
0.21123985233949472
0.3489474934864918
-1.7044734905908512
3.250792659563321
0.3201538790085645
-0.47285850677328434
1.5701303678558505
1.6902795947547968
-0.4535494468131406
0.6957256875820466
2.265860036904923
3.2698499600923014
4.180457188161865
2.6059098084688515
2.218863124359395
2.3295822164878865
2.571654379317072
0.2506726903268133
2.4449049912667054
2.6543492077432274
1.6215661440103655
10.384043129967035
5.874812323237154
-1.1854391143499479
1.9942937439112747
3.957288010018882
0.8475815960001203
0.96254468433559
-0.10813151317462366
-2.294712757595774
-3.741333970325999
-2.4703127221924595
-7.18435416004931
-3.3259914918390567
-5.358433065318813
-7.098703090803389
-4.636813341956586
-2.7559748115773948
-4.198480891599628
-4.170000005639158
-4.308648986691609
-0.8876925255469963
-3.605790270662866
-3.6127077850767693
-1.6531722808411975
-3.508114184281475
-2.1294584400119896
-2.0279895757439848
-1.8461657079303
-3.2405864248337863
-2.6607769344498724
-4.184921341904749
-1.987053429287545
-1.3452516762077167
-1.4813833770739544
1.6020487556923175
-0.05545343462153007
1.212800984812279
0.5272787387631825
-0.03322174026134306
0.9964726105919106
0.2036256256311504
0.08059966294840004
1.1985865206986968
1.555811774128891
3.0789626796717453
3.099102798350307
2.5161903838633264
1.308652036291234
1.9445445560154804
2.8245193936281554
3.070399534824613
1.9099700710345058
2.6095783620981203
2.659348762903981
2.208307869565983
2.7124946819981193
2.9546631201642226
2.1798453949404255
2.7341076092744845
2.5946669351669653
3.296556451932295
2.5074604550938426
1.9394828173347038
0.2865421340583494
0.6817684545194131
-0.03293535397015834
-0.1746017929526641
2.1188952297954833
0.5801422744542366
-5.619076980836693
2.328491793448105
0.3263795851384417
2.9645637884599445
0.2273752225228265
-0.3917941065607591
1.759722326221567
-1.4095784500478596
0.6434610247270505
3.4159248187549744
0.6218794753657022
4.639343357726619
1.3792471190498539
1.6268549865180004
1.4315611217341684
-4.238540614193459
0.05109617798837629
-2.2453520184902125
-3.3204758703162267
2.425136217330274
-3.0080438043090156
-1.4008486356446506
1.8739558733031112
0.45990048572483255
3.2728950938060857
1.4195858159133574
3.952998498418175
3.707794692009692
-6.217432941272239
-12.506877721758164
-7.386652122583242
-14.383706166746935
-10.304519973606675
-22.815231715006124
-20.009146350239057
-15.126357906261482
-19.82237008428108
-4.883248439213446
-1.4598913597601164
0.16574506701777714
1.526856377560026
-7.970118062379672
0.5520590215815826
-5.868326315542068
-2.438664111645271
2.321583259710264
-1.230686080925167
1.8048632515178387
0.3816217982328196
-0.8161966279492139
0.013501807920634157
1.310121466498821
-1.3041358480292082
-0.926987280374394
0.5739662110755852
-0.8168011187283947
-0.6452128213650217
2.2523639887683062
0.3022223781365878
0.00840141977556419
0.009771996278314488
-2.983243024746113
-1.4975112170459102
-0.9815263122289115
-1.406122504685697
-1.0849924915054188
0.12049856860128694
2.2686645622315504
0.3522257092377794
1.1891453157042475
-0.6721676040285561
2.288028737253199
-1.1780231082377324
0.7890917993541804
0.5091273834339047
0.8091849762815995
-0.4840153255785531
0.6944287955580914
0.277812903095658
0.8829959044267095
-0.11793191372727307
-0.0011225018904883477
-0.30950913352953735
1.755873742834975
1.1227025069909904
0.5312772659870446
1.1696824156846817
-0.15825167889085823
0.8111592770259208
0.6013211029153329
0.972328729636345
0.7780405409876217
0.5064349117595697
0.7778722985340316
-4.365309276469979
0.4848772445786762
-1.0083247274629177
0.5868530768615521
1.8427906830043828
1.1652870983209729
0.4325868283882701
-0.037300095029799474
-1.7770693625273783
-1.2492114424544059
0.06102558825785631
0.05694788446774357
-0.1522848389912399
-3.5937238043304536
-1.8141361454506404
-1.9495285422174904
-5.402854804990812
-2.8877814552641174
-1.8960568115866439
-2.6350874321302395
-1.5225281998006017
7.756801147490739
-1.3755234288045552
0.8776847409681237
6.312169017386308
0.060877614120641965
-0.1990759981932747
0.027179825133952118
-0.1995596056665936
-1.4369911694743998
-0.9559457260693125
0.5681852432185184
2.318832515541464
-3.2842049418874084
0.47548919705798065
-0.06708758379270996
0.28322669469254413
-0.1272549031817698
-28.80854995914114
2.196203822912632
1.5569350926515932
0.9005641576461494
-0.5139145258118698
-0.1992227890497711
0.05862743248845037
0.39456609133692755
-1.888439493746806
-1.0018134840298445
-0.17236387025161148
-0.360884875684667
-2.0177145654441158
-2.9279482676032935
9.731735226204
1.9075343674706926
0.01885413822656057
-2.3845918877807746
0.4424820279070778
0.4881168756733332
-6.883039093224023
5.54484545776217
5.00529845522065
-1.6497898359323528
-1.5009588773405809
5.177203793208431
-0.28402082026688036
7.123954979142171
-0.12185823395041329
1.500005889443682
8.077135770004865
0.4283501462712842
0.7480927354507174
-0.010592991303035038
-1.473189510306966
2.348033515776191
2.9888822412192773
1.7841493954323187
0.9050666389490136
1.6440806363870681
-1.8599425560608507
-0.45199523005820685
-0.9132755262311552
0.8675599312906432
-0.15570360399906602
-2.678251578809693
-0.09343710913819459
-1.3603875526065639
3.4698731898448116
-0.3782570847023754
-2.2625339892832566
-0.9121449458183092
-1.7477730444547128
-0.9626667860293165
3.411529949743297
-0.3875336670956282
-0.6541291095186046
0.5095748094084371
0.4053656782054682
0.1470461374253189
0.7485471574061879
0.9206930545829228
0.47994639798067507
-0.1996998106377833
0.15923139144480492
-0.4594085157811647
-0.4259418873290176
-0.6911211905709187
1.911667057433478
2.8348206559808014
1.0194038812905015
1.6722518680579959
-2.8686731880276106
0.6509124426208437
-0.04184382188133906
0.3844028608985228
-0.6325936625444645
0.3439164834314359
3.307457131778433
0.771548039840807
1.9775682973197353
0.9713966620136099
1.1597724464479797
1.9828083473841365
-0.4630364403004459
1.476165695233119
-0.28620084210981744
0.9694721747250261
2.2769624406235924
1.349304527547833
1.6671164638324796
1.034665201615542
2.700967246589562
0.06252793096068165
1.8630470899790552
1.3600644430307027
1.1971823206506667
0.22098037306591856
1.5398066371114334
1.085136863117031
3.1016871797253076
1.6959293536239612
0.7861540015165995
2.199633927649195
1.7689471723443546
1.4425043367712456
1.8259907309394312
-0.022289099503310927
3.2311698256006176
0.6560444709881377
1.1180954821649935
0.7358550201548866
2.8586951271742573
1.8256977045393246
1.3285433314659958
3.165945098443891
11.179985360712747
1.9959187217826644
1.8816248881745454
2.0431953278115618
2.699307228996104
1.6178652776411435
4.019487942031894
5.061539120400942
3.8766375347158535
2.121337982461472
2.8170982968602294
1.5572587235886601
1.985603732025249
3.235829287023593
1.0661150051914121
1.1976978884556635
0.8437633152001842
1.3609454243859873
2.161856264254075
1.5117334567438845
2.637891216703688
1.8758586326303601
2.035912415991847
1.6990098696829117
-0.3669273497983818
3.7065140865128487
2.137278463942309
0.9512386651703462
1.7840851084962481
0.5870400914853708
2.1911970118302904
2.358961688322324
-1.157399480803559
0.725006407090772
0.37879749592145484
1.03580045855356
-0.16612762749280185
0.28477561440566945
1.1444250466606243
-1.1193151418883358
0.36846815515208853
1.8466140875127124
1.4548882965569687
-1.3407130109872667
1.4748632809004443
0.574099271059036
0.5999274592107791
-0.4321075326719651
2.049373011401545
2.652314658911276
-0.5734819518936154
-0.27891041199350697
1.4199730485671531
-0.022870725962257032
0.5113974820710718
0.7042962189745152
0.7944662530107125
0.7895840320605796
0.28869624261061544
-0.5253111269908661
0.2898136899719652
0.27435998799341177
-0.6748658813902473
1.8207996989780404
0.30276099595427564
2.322910601710125
0.22514467066774957
-0.8498182475008068
0.8404044262276318
0.1433104598768986
-0.008808156466733608
1.6487405724618522
4.034214491715033
3.952564966081333
2.505480100954573
3.2657488562557857
1.5849695290811399
2.63288395943617
4.215588270577911
10.238748006590955
0.2869538549731194
5.52642587172426
0.5064868999129752
3.4122155283130704
2.3542708475807053
4.596086109039062
2.6643763948908674
2.2164162403593477
2.3405555209970736
3.4221763595224646
2.033404510436116
1.3431967154368771
2.7740708454127057
2.7654491644483055
2.602419085343837
2.417996862867843
1.7752208831577256
2.3142596142130576
1.9348127950131904
3.648123878464725
2.9512671809258566
3.979944165640817
2.840627259214721
2.569964342608429
2.8684881904094173
0.8219075312341229
1.4402953681070358
2.765821385527651
2.5138830335127835
2.217791256126737
4.47269271884455
1.7540518419773634
3.437244199237477
4.041187188177681
3.8332078042433935
0.6279388748593657
3.997528489006686
1.4725331060867752
2.8893175777985416
0.9953616502638873
3.6483402580345645
0.9586603728967418
2.748753223848214
2.6757199942022547
0.19759231038267133
3.308279909801355
5.094054855387035
5.6014514422894734
2.62336131744397
5.827497359716025
3.0349632869996155
3.2668892427387943
3.236812764716026
5.502154124929261
1.0325381654482304
-0.5965990890668067
4.0131126818830785
1.9537219788165152
3.458537882886832
4.920720392279948
-0.36697176173049995
0.24628106002074945
4.459790867367136
4.314684003004181
1.7486686165481786
0.5063010727992909
-0.9873342592101545
3.2939598403399186
1.5071695474504194
2.5749855819130345
4.043798161389304
3.405161095945785
4.599284414982427
5.284078358569492
1.6749617562082917
2.4172820634897803
2.4974726910951257
1.9080944142154763
4.835472328764073
2.823069978548214
2.5715223664132276
2.874179678622015
1.3077955234739957
2.229555545821316
6.3556108881842
4.692137456697725
2.2625445919937146
0.6866712502097325
2.090278462120022
4.3630816269237505
-0.1334192540844279
-1.9968173963992526
-19.982485957586135
8.74241411690538
2.8773533566898326
3.6380841365642844
1.6371340096959215
0.8036818553252778
-1.0259065908944875
0.8507185096846259
1.8824435695335269
-0.4229071132761134
1.2453024134058497
0.7526580132550209
4.781639838697387
3.877033961844165
1.2962508221352427
1.8169902506712812
2.108795679320893
-0.16565962281388824
1.7655479339404656
3.759910550812883
4.290777782056484
2.3654672272441264
2.689749842902025
2.1574931632913685
1.4354428606964662
0.07561619823922872
0.7061615357740438
-0.29249839918998266
3.8715190636652217
-0.467051635318124
0.40430270580637107
-24.721261992829383
0.3595614351493599
-23.63415176140765
1.5564189558383092
4.3895791641703505
-16.357551959865567
-3.688965452133835
2.4305308031787467
-29.326097943633407
-0.05901299423041628
-29.96419884274139
5.957645850377157
-0.5382989341858746
-29.539201758289703
1.3148106165460054
2.2173033933856816
12.245158744061985
-5.852400184495066
-3.716105595690668
4.744428062790246
-7.213947605253896
2.4403077899596344
-26.603413687603165
12.168256967615335
4.105116530526432
1.6782656726340468
1.4412320983167786
2.0018865972847384
-20.809931542515983
2.920718919964508
0.3940560982674337
1.4687650132160583
-1.372493527867521
4.772219211332506
2.7221328671822937
1.2745768393330903
6.261871468129257
5.283259069348374
-4.440009043030132
3.0153538578044037
0.8508249832230326
-2.32789136795141
-3.204808199723872
4.2148704837113575
4.013179885407906
1.4952355478256907
0.23276386457867915
0.897076539354396
4.292796882961955
4.42073867379998
1.173507719617954
1.241436774566775
-4.317605974912645
-1.0899116700245082
-1.7553759126442794
5.541864607877407
0.2720510163151959
8.228495151884236
3.433847437431414
1.9975214312326428
0.6802847830305523
-16.660804311613866
-2.3350348368262255
-1.0101545720994474
-2.976702322431527
-15.868565183322875
-17.598141038516808
-4.005889161963022
-1.2166574924662783
3.1374962325729445
-15.257881302983808
1.5700615439011378
-14.657920280243584
-1.5496935269323475
-3.128062815235928
-2.162393255745374
0.9872990910739963
-16.753548343100896
-4.093461287724473
-22.888349285485216
2.0939650304963204
-17.002027965181814
3.448440402304753
3.8401875718167693
0.7090824667954236
-4.102775001443302
2.4916187073178575
0.2959576716180865
4.104528953241803
7.851443568386129
1.4486955490907025
-2.3414280137773584
2.2230628781095185
-24.005556591256834
1.7108136923064783
-0.023525791972256238
0.8968986194678628
6.753996208499494
3.5819381465145073
3.0274965294084204
4.584753895226243
2.474617624766542
2.4509868083950184
6.28396382534566
2.392959933206443
1.695510830888526
4.261901851149276
1.233535244228937
5.6981535644618155
1.4263679930213877
4.352374314261598
1.893413085035979
1.0258720740750462
1.0217656294206803
2.1601682504285167
2.271151991047587
3.9074866049028962
3.4347791989464307
6.206689757190025
0.15678335730172632
2.469760897744445
0.101004609145533
2.453473811589181
2.181094246683329
4.702342197703819
0.41393901992527127
-35.348980073768644
-29.03026248161681
2.370909714220709
-6.128016200450555
-0.924899623172361
-4.128967554732851
6.026948382829625
-3.2936919942336735
1.9301155778846408
2.3067016941371064
0.5911632523586341
3.4473567922674118
0.4458375243141024
1.3061231368848452
1.52839373144259
0.7135513678702174
0.13303871948520474
3.7335889970306297
1.6933322333184386
-1.6283970638557008
3.2783811968645713
2.314381206490096
1.9986592273625239
3.270347499163978
0.8118123781109852
1.1141943088316655
3.2880737356108884
1.9519270195787115
5.963078665858135
2.571680453825741
4.927703020215028
2.067624659550685
2.0801441298114756
-13.161901427021247
-2.418359877372783
4.803129165229703
4.107483956697705
2.782674796665711
3.4155181054656065
2.7080930502327774
5.8813714816470934
4.590133538299819
4.22022146392738
1.2401149707020585
3.2473272328966605
3.4363144233499954
2.342700459298678
3.6656101717899245
4.529104595187429
1.954159532130388
3.371879284511632
0.9910476125789165
2.1467522281104086
4.297125129361325
4.36631281241278
2.116342117077984
8.687045248607175
6.215475837564718
4.122536330895498
6.579749473717067
1.9017149808319918
3.0180026150401673
-26.795611118718362
0.49482307615348553
9.716263731320701
4.710474530420572
1.4541662744229353
6.783860929612691
3.2499027222096917
2.157723216479648
3.1947908925904587
8.436888644734399
2.118032605630654
5.048441476124027
3.9716057442817796
2.23054182253902
6.940868772260222
-6.845767956607666
0.5518846008082212
3.4139094712759057
-10.283954886152719
6.2467095507327475
1.583152112390227
2.2833107812361186
4.106852630754932
1.755939114189398
6.866033879901593
6.265015465707988
1.6019378350054212
2.868038605815419
-0.29135697579585795
3.3478745200019357
6.026471592527503
3.7561247950134167
-0.04173136915825315
-0.07988619271852282
6.2746005490093175
5.1276281072050285
-4.142891466901947
-0.04259363841296682
-3.947925924067692
4.946005867421008
2.0825424730144406
-2.057569832910472
3.0463946671237556
2.180783517643812
7.161209533472549
-0.20432409819665842
2.0108574768258234
1.0084788842666894
0.84583416658578
5.529587916057552
-2.51769748327012
0.12446119170511905
0.33873562715202477
-28.35462642230404
2.8870701253215483
1.8768474270775939
4.966738775185932
3.4448351818621115
4.207948383274801
0.6672750208998735
-5.679561309670408
3.2718943424044804
5.5196030407398995
3.2554747873836485
3.8052096343195654
9.542929452488208
1.4939830104609317
3.09785536139396
3.203132015968049
2.225316308487204
0.4948909073589982
0.25738166233958926
0.5609016215267244
0.8634353605148679
2.3768872486160437
2.2424977977465237
5.411390772666786
1.6836422661319377
4.76339600340401
4.382767358809705
2.6756582525726396
3.9193755570134776
3.6796591728491066
0.2975494551739326
5.810311268284914
5.847456593380619
2.8766297392963125
7.073888159679248
0.3926825255261104
-0.04728154835850007
5.554233148601522
6.709445679636052
1.1888711522128417
4.600120983598756
3.7819581604078385
2.5547299414693088
1.540655918319398
1.928768960304554
1.544734430667634
0.7771783659737552
2.9983386303186474
1.6730256805053614
2.261058322655346
1.7994107546197888
1.4467068899199367
2.8438214435235896
1.198196268036957
0.6844464658560867
0.9148609317926093
0.18595356218206605
3.1696058753877905
5.386303258230911
2.432909951143585
0.52676726228961
2.189506891747935
3.3287375766426957
1.770873887238404
5.236531653447698
6.624811073538538
3.262863515755166
6.035720723658797
9.394916950216203
1.766515889960652
6.707633507646469
4.526923086403559
2.6585149055756627
3.6519762027555442
5.43534850697406
6.398232805754995
5.036953648025791
6.477777114170915
2.903395879862833
3.9953513620886962
0.24198412550893011
3.7044231121780697
7.674301730337401
4.632672092560677
6.303265245645613
4.231141295098391
8.11589576795899
4.67901092350731
6.756728273618343
5.6373496334028115
4.395051808701831
10.918491978430497
4.540926265072664
3.0290816526177036
5.621323969683917
2.0046647361721863
1.9417913862488572
6.942864611591983
4.007792918829247
16.0485577008687
13.603857867927994
6.6344623582793885
12.774865130590431
25.313889159556492
46.29370017150033
-2.965564761543651
-6.866787092430299
-56.78155295734795
3.8886737250711443
-0.5951440158491061
3.0496476879261145
1.1437227385981599
-3.1847503164323676
16.008307989876094
11.948072573463504
18.35563120543708
4.80314523175607
7.813958948656921
5.026309967834271
8.744866837997916
-1.3447533904624505
13.3421623735136
7.734757277770585
-1.0075837616280952
2.798447432428594
17.20699857346613
18.78361124646851
24.90589125211571
12.149483918601186
32.71755168429761
12.640541485789228
9.153146251787122
12.666334341973375
18.410787561594983
6.141403176084359
30.15214145187382
7.913301776136581
9.59509815131035
5.688611546434609
1.2652831978788597
-1.8391135239969585
-3.7677178077323643
14.61435141833996
3.3838595877056905
6.099804044909234
7.646295766377513
5.671812127463515
30.103564074819833
7.435486645298072
18.95053792611502
17.88430338903858
19.86926985455616
15.2457312302875
7.91533025331376
2.135117188284166
20.130777931204058
-2.5653802123758926
-3.1971197275780194
13.996503854615606
2.2851333168459425
13.930542832083995
4.692998984879501
11.029319370674203
-0.9261391044904819
0.5027112686938304
-0.8921394315697253
8.93921009021314
7.081076032195462
27.922554872877264
6.765004536837964
11.982845637738711
22.65685857663927
-4.176568553237866
4.274921849610591
-3.86116430194971
8.007891632241504
0.48654152427986674
17.6170077061827
8.950929613555477
7.887584797682239
24.01506982891861
7.517608473458013
11.003420016717477
7.5385349397088035
11.504447598687683
5.893163320407272
8.916496125052376
-3.227837860230361
-3.258345930708576
-3.8614358133431566
9.57513663520726
-4.3386622416904785
-1.3276329793763972
7.889418538852285
10.672405153121796
-0.42654474193851255
2.319953454351048
-2.4251070233387875
4.564437618243193
-1.2289650391750067
-3.6893523549543055
4.578336575935908
1.0334340753300744
3.39905217812459
-2.720519570401044
-0.7719521150638649
-1.341839947639655
0.895437658095114
0.5900869242281939
-3.2443007874346046
-1.6099656339728565
-0.07892364758252768
2.005495785293479
-0.9275546059391133
-1.8914189286849787
5.5151921536717525
-4.0293096912801225
-2.981181587894758
-3.914450029979152
-2.2180075879854453
-2.1442831332652545
4.443607699876028
0.045771995391073794
-0.6469106020393498
-0.49007968253642564
-2.127429499492669
-6.116187801527788
0.12337027126364752
-1.2583738954868142
-0.7231190009526951
-3.154084595177323
-0.6041350474171403
1.5233298612236976
0.495689422765746
2.4574719900159785
-2.402700916498279
-1.8563688049111557
0.148120189161975
-0.3459206543583473
-0.40254132937018905
2.2649382982409256
-1.4666540593672601
5.639166361954066
3.673826497767121
-2.185288724382096
-2.5652483126999197
-1.7231814812438873
-1.7131516875221107
-4.3226685203686355
-2.7545828530453154
-2.3541607101348534
-1.3633965459012773
-3.032172226597247
-2.618427985723441
-0.9917501408395704
0.19025825215565373
0.7052957165477161
1.4248889035806034
-0.8711947839825094
-0.8389867485712383
-0.4452707570126879
0.3100911779211193
1.824042173678058
1.6032993124673753
2.832738737793016
-0.3565736735705285
0.13266908145260925
7.531657944977907
0.7221980717595067
2.082690284152827
2.407031285543614
6.017485731715338
1.5116319950191932
4.164042784418915
2.117305880239857
3.4228403535634238
0.8231821699265056
4.025428655834246
1.3619045888384171
2.6647747364249117
0.7553558815543828
2.063344698284439
1.683236165383211
1.7773540668574461
4.258728137159715
1.2483462082880243
2.933976330893735
4.880688263812417
1.7834666675763833
4.3905935584045945
1.9203856782236475
3.8280698520789542
2.3693209897229646
3.6389319169850385
3.630314491958048
1.889697016092013
2.8284704966067014
4.283214840991424
3.6464299302877263
5.892970391576489
3.770945282663215
2.174582717698686
5.562706930570304
0.7084320954643148
4.80854745081688
2.7246565215152994
1.7411732341330461
0.7757124838264069
4.531978545754525
4.767918560179573
12.66730180426625
3.187660966534172
4.974066540646363
3.839295382684253
2.6470062065490856
2.7036279484250914
6.8994056813127065
4.2986008465687435
3.7553162835501093
3.6238939668374766
3.186078793720652
3.633942898873239
3.8383222774174053
4.915266993987803
4.451006204036378
3.5549944851187343
5.700800417703265
4.276927522604978
3.3723883129737047
5.210642149100699
3.019406656461457
5.35821275327665
4.206584658462549
4.146021087462081
6.185841680518039
3.215233548371117
2.4324048168435657
3.439274802003058
2.447803636692469
3.1340520820313422
1.4595063802643335
2.366078008491548
3.6987746520812284
0.41411770126599134
3.794381915740278
2.6229492829615904
2.2760558501320585
3.1065147692884034
2.625909101613177
2.1481765161634723
2.182472511680176
0.8619760761453468
4.459487121862668
2.466213177347866
3.630832866187516
2.471524782722811
3.3011764959134196
0.2928114087879654
2.388450292302918
2.3646142377468466
6.757111844441232
6.730461382436561
2.6964404953842354
3.961985563628998
12.018801138283061
2.7490670712037635
2.6570165375111023
4.195189636840794
3.254923630146931
3.853682737076655
5.732429693443701
4.090574452966448
3.836025155003492
8.402155237015954
4.72619714447049
1.7755902730810154
0.5968526674048809
-0.00132408486492952
0.34023316917009594
0.6290795147580384
2.4625644862757348
1.0540172707829636
3.809839732333396
0.4181235170581672
3.353533788165076
6.569063739880918
1.3698566123383755
1.8614867700543254
2.0596265471292035
1.4963414222307074
3.1927554837521193
2.7312301604822267
1.2528449569667397
3.98671989680392
0.7843471633965788
2.3802248395718646
4.190020114776059
2.7964053268724407
2.827164545550324
0.9978106960890216
5.763623358563828
4.613867096186306
1.3080474323537157
4.3638852223617315
-0.2931139969117942
4.938323760748685
2.9592251126558216
3.1737689824461306
3.1137544722302524
3.203790820087616
3.021114490631345
3.5079025489706517
3.843424234901864
4.012885895264645
3.761189689662311
0.5000508398078389
2.705582237342372
2.502231091470148
0.20990861591075638
3.2688005550478874
2.5146659192752527
7.838425658725818
7.830908920440825
5.796315995660923
4.857573333545431
6.872395335263882
8.148128283647821
9.042556633977062
4.446477426039678
9.287929857006295
2.8247949190375725
3.6159748408126955
3.973435772605236
3.449264037572468
4.649084333624693
4.826247461855407
5.292712635458761
9.623157386367211
7.261184571567917
6.983855588238063
3.8783447728579246
10.483047628649823
6.568198803931477
5.125953932353603
6.098242568525798
4.289835174210372
6.700213529801618
3.4864698673989585
5.7618771403121425
5.124554615727315
4.230649715693044
3.38410847129735
2.7862145332011092
6.035318108474837
7.672388320452223
4.110357645109298
5.2983293573254135
3.640287961733213
9.13450575705121
6.3353978875434604
3.9969509495720263
2.824178525431081
4.055882597880438
5.80335346642633
2.7017015472368033
3.744350764847672
4.454488367404787
4.668979285623259
1.501737068476774
1.8989912475589685
4.043022895778222
3.2648672915442534
5.204915231488024
3.1822303223796222
9.954226890764508
1.5782418757354204
1.2260666910155344
3.147116238797701
3.440365740815797
3.865954816736285
1.0160026915998484
4.324231892713654
8.29723484186382
2.683532715927187
4.819162001150971
5.680777804920059
3.927712617298977
3.1010291972272093
4.743132838350097
4.338224853169172
6.704194339260462
6.746128055445852
2.1328082897340233
8.20392593281002
5.405163861567155
5.981947788841398
7.311416504016455
4.324040739395343
8.952860648550711
6.4418384037142
13.550371817701809
4.48865892060101
11.84213561406235
4.696932215613623
3.22114480576726
3.667037652029965
15.088207524309553
3.4260023972230673
2.414644214890894
8.546014994990701
7.432535489130146
9.054604557745469
3.5708596226287357
3.864662529792019
5.596777868267153
13.480186801832167
5.957378638230262
3.8356975704021723
5.362182394642384
4.520612825381256
3.1585107649682733
9.10941938129377
7.787935269508516
11.31624900759446
11.111348798342055
5.017717966288797
5.980553763556608
12.551611013013245
5.2348660924217345
4.3768138636130205
5.953062786443163
7.549261861296994
16.264425005008157
19.106579546809193
6.2414942927720665
12.972573178452127
29.190242268159043
4.010980772427592
18.24532769784828
5.894376145591955
3.2406159073977445
4.983733429075528
6.147695607839771
4.5448959097862245
6.306192960640412
4.043028438360118
6.05730227034415
13.982202437734854
6.8429403050635
11.996721343101317
5.738273787948616
8.88936540644988
4.8942065561848365
3.6027438907648115
20.88384741862079
10.28754805670306
27.406180618168793
13.417742122912783
16.235224709636224
28.10720686652868
12.531245657199372
26.837997830322642
31.639302248874444
40.65340233070187
18.426533232855924
17.995250468328756
10.308668674703068
37.01104175503457
5.57508956088498
5.517021536943811
13.625457166707761
16.758667528745402
9.080763044179724
13.607454542076843
22.315959185444438
6.631770937923964
9.152114960111675
30.4262103284641
17.294444739003364
7.514764167542879
5.057067728819322
6.217768954704204
20.4058994824284
8.654340921131888
6.348044850913188
8.616516049894503
12.353328914115828
9.38362538382412
23.103899914149192
11.906526930805917
125.8287632562933
13.589601504466184
11.532701424281424
17.102702800240987
9.16759118544062
7.840998205294829
5.6182006452381605
8.692361769760458
6.362741569288538
6.23209225716814
46.64755056031927
23.024292224520195
29.701280405562983
44.67391024815258
24.013868052712322
24.183573692908503
103.7102481151142
95.74618322897128
77.83952587406354
67.74627740687374
52.37294204208788
80.46689966559099
107.21775807100167
113.7739958345285
140.62202534615304
222.69513225029175
226.46849507358917
193.2718188675275
199.47327536025264
198.16155379992028
217.8786383780419
197.3485529413907
205.1213922547668
230.10623616142286
177.23428879929654
229.15433281090762
218.36330763947132
56.04039601992649
208.83307758591604
242.11639381951395
140.77626709312744
114.47030191762924
87.56023006909865
174.35737311496482
32.50765131146088
48.8408481839836
126.85311305413677
96.64811910085321
171.0343331692278
106.7187260725144
188.80969998661894
201.86687467969722
142.48043914466467
160.71348398966785
119.09795240133062
42.381545837460386
111.43542140376543
48.55296594252773
40.09670722548353
126.31787272032288
63.266252421931
35.05797971020454
46.569931274132166
86.26675723634649
44.9876498562197
21.636439954332698
16.401415626504768
116.61704579406872
102.68688276445494
34.9531682564377
30.203495873418483
55.90887628933912
65.89421327926775
30.269597858585403
70.46592417691397
26.52775416564135
42.4973984386682
38.97325292809557
41.72884585602022
27.500502884824364
21.680327117379758
14.05291842387058
22.49054592096371
25.85901009678282
90.5384043633028
114.53739581868741
26.743788088234766
19.537056847366816
29.608451252525676
56.54302493623085
127.00999004670453
28.33400118680981
65.5636006397226
23.4751212947083
52.86097327987342
30.497932793669825
65.6997955956831
108.70827302977597
61.86802296911965
21.899292253671852
25.59863648708254
35.94402189167154
81.56939167624397
39.44087852641258
144.3522631298511
51.22475034522979
24.906407821384068
36.8823545815634
30.823389113805728
28.69556554289845
19.74168067484783
24.730818602412917
27.25814597930099
47.11102873663946
39.728740263673004
26.56301019012633
41.90330830472025
31.11414077989074
23.83221791698039
22.560475593130416
24.66762786007052
26.081207842595266
46.18917740246029
64.47950040088806
51.63718951468233
2.0979887669639026
35.24933228650876
81.32996244368994
88.589690723051
44.2181790009998
30.173095840015776
40.88114548802005
30.43555119877307
54.14690001739434
54.45124150077688
35.34466617831215
51.94647348704871
46.54731779850148
53.28466027034135
47.89686045239431
58.54467523643191
76.04268264715554
49.69562902003787
70.76217677572241
58.784250255655515
21.33201758895132
88.95232692264084
-5.898449789265487
40.82606488826559
52.51442393366243
51.10827346366362
