-12.371370108069613
-11.759490869415563
-22.76656738075752
-12.923880523293063
-3.0915503337205488
-23.91831314565241
-23.244946352026243
-1.1504889403580871
-6.795083815294059
-10.9083826649713
-15.720924007954595
-9.770651725600784
-7.709503083898235
-3.1091850583003593
-6.3761451420996655
-5.535691191980514
-6.334396175117933
-8.286091104738873
-9.774692344381192
-2.13274353038773
-4.747313409492158
-6.637637026591553
-4.5094081104703925
-11.246952275265844
-7.049189051515953
-15.80926095240623
-8.199084903700264
-8.083238212766377
-6.534206266133501
-4.206028421160491
-3.7867146481673273
-8.756287862509947
-3.376304450314333
-1.278725149380486
-14.672615569191828
-5.101596962508549
-6.711600233696066
-3.777726365699214
-19.5095365392144
-7.86074120128316
-14.032840363623176
-18.873685836338982
-13.021893399855596
-5.961834384326954
-29.87138916134366
-7.045275382502924
-7.165710214247954
-12.375387287619452
-22.626839334003687
-13.693130308131227
-45.258532427241015
-19.209904871904218
-13.871145693942891
-92.75478378629053
-51.66164754351303
-9.957773923185329
-2.4921726544072595
-15.41698570241765
-2.899567488693325
-39.28442056565925
-43.015073397966965
-19.71507670486048
5.393481402664757
-9.599583302211933
-12.662390288243387
-101.97191273440933
-12.136629157249207
-131.0875500038417
-15.89292320400656
-5.215021698732675
-7.765952916200055
-7.365665156825851
-2.4469650995698617
-10.897139605621968
-88.94156241175035
-10.746950573769885
-8.285009353862105
-8.404217709957777
-5.828007243705481
-21.673015815243613
-18.174134814932135
-3.633320102223397
-5.376292145689144
-5.71571996272986
-9.982922312699541
-4.704121556752467
-5.277597214985536
-4.941349337299894
-15.264349604630041
-0.7854882026006825
-13.12611302587149
-94.21302296743299
-10.695529715151208
-3.5870721871526476
-5.625593209209735
-3.4456764394803496
-2.2217170140918663
-7.3078637520854794
-20.920133272694017
-37.89039442012944
-3.2076673812388403
-2.729711132020492
-4.7342142517856205
-3.5756730438263635
-1.9266732730265295
-19.981260914132235
-38.29057511792322
-6.544009768739693
-3.2974100822541996
-3.529444691873819
-3.273018781486015
-3.719866185710116
-7.544946029178462
-3.313161653049953
-5.196814826182192
-18.12995664477026
-2.0625413691501606
-0.13425834319164998
-10.077823782497461
-0.7522415124080429
-5.014205904052033
-2.6459732794236945
-2.0475579024986024
-3.6640877830784246
-3.7187272114548904
-2.8288358317672113
-3.1601429335230957
-9.213095526698003
-1.9713553870455178
-3.470572547607242
-10.345701877705984
-1.7854230444153552
-3.53569549262648
-3.2599709084089596
-13.171106756990339
-2.581882580437115
-3.6508354219501875
-46.92835363211877
-3.208019661421187
-4.629429000021232
-2.082404740369299
-4.36626368084997
-3.4261023385988354
-2.7517183404793415
-3.4516011746761017
-114.45162743607584
-5.795855110736758
-4.1761241612580235
-131.55629509289122
-8.464055154257304
-5.623476193519041
-0.7258447959389227
0.1384864291730492
-1.917479317243644
0.8741355602751288
0.7874332467731371
-3.023325956211983
-0.7285932070847548
-0.3605413314424918
-1.069216275476254
-2.486972254976796
-0.8550803509529881
-5.739084019383021
-1.0813604071168348
-15.780026945579777
-2.4372017311173737
-0.3563391762959688
0.3010776393641874
-1.2179163044824757
-110.21683517414674
-0.9620747546853063
-0.0936872923582317
1.2199281600287195
0.5598744148409223
-0.1090043921184839
-0.2940199143764419
-18.250046312558016
0.37707388412906595
0.07816162362844037
0.3428167225152299
-33.23902963046228
-102.28218932038659
-4.301466374941377
-2.8008774480526695
-3.0223205243490425
-4.802462148080977
-3.40945945582287
-6.27879118205133
-2.609568486442803
-8.775789584457215
-7.9251485774800745
-2.8064274480632414
-32.61980038730317
-5.126465206305125
2.514621564231901
-5.530520157471793
0.05349725772307967
-2.345186232331364
-8.310242075860806
-2.315673029339867
-2.1404946446526933
-12.975312863785796
-2.705379895087578
-2.448089840406877
0.03063325898470648
-67.4412720302592
-3.8221164853576557
-1.7572803088419202
-2.671426974116022
-2.39511951015247
-1.637402845992941
-4.094472390556664
-5.973067359647093
-2.0831289944369695
-24.37128921242503
-0.8012567446423763
-4.849711092576998
-4.756362219119174
-6.158800839343744
-4.064018096940172
-5.43305411980917
-1.4437463945657738
-5.675421046240701
-1.1643505772721503
-7.497765979324355
-0.37740420023235455
-1.076099429672427
-3.1149365904524777
0.8716869415358552
-0.3059587388369578
-1.2798925060384596
-2.2735310576880696
-1.6321011529498808
-7.981019002733706
-1.3501931820539705
0.08761422453096412
-27.212715996744546
8.674277468340682
-6.686723000908781
-4.155122420984808
-3.8996585737208878
-1.1881530564530651
-1.149083752559354
-12.826129828411622
-2.8933769693549523
-4.041554549272791
-38.36050694515393
-1.435790804279756
-4.842869585030668
2.6812605912794663
-1.0426246409512616
6.3327584947649
-3.651512835282212
-5.360801403951647
-4.865421237253556
-8.876780336517225
-2.563077734585529
-4.910312781485071
-28.72310764559552
-1.837669603511062
-0.26543504262438467
-3.8814879436639225
-6.092444009132988
-8.633077341582187
-13.93136885795682
-16.068328645594747
-5.92415488192023
-17.741141801258195
-25.271053088948417
-2.831705461419161
-2.28341565985737
-0.8426019691177709
-2.3289503743742337
-3.4079855717548275
-6.588476947373967
-5.709511752235211
-11.514584466570513
-1.4333125030955012
-15.768753736385209
-5.996507082730569
-10.373517264283064
-1.3777304142400124
-4.811735952132683
-4.725027743760473
-1.9347218245405742
2.1547161873441416
-0.5762397368257578
-1.7541206936086748
2.5729112660538758
-5.3050132918229655
-0.596577325463897
-1.6353539777211086
-5.114543567537979
-7.401920690442622
-5.871358314514594
-19.337044570890825
-8.963382475197292
-15.309183561464652
-3.381486523398964
-12.37275539060036
-14.58712191349233
-4.854851310833192
-6.814624976047568
-2.8642623809977064
1.0229400672816973
-8.945981468667256
-17.361059908262334
0.5053100592928668
1.1784284319937073
-5.048308273987358
-26.93142066796975
-2.2463854658855418
-1.45125999403808
1.5598909882199163
-8.374490414957352
-9.672626868234481
-22.363507104178506
-3.9350751370789774
4.801778560742681
-2.9497303875698107
0.47819317063318323
-5.158544865365859
-24.08050074685202
1.0245046402527662
0.665107955185225
-27.493008579903414
-4.447889356082842
-4.499546014498202
-3.1538256536421496
-8.174744528666501
-41.184575421338494
4.096619487402618
-1.1857832447771295
-10.419425270934696
-5.686615453337925
-12.41765177353914
-47.885530515916045
-6.557962617109404
-19.152116817032702
-29.184540662011273
5.483306324187917
-13.076040528112838
-7.756653390938241
-2.807154264477738
-18.7693987269703
13.418446648701394
-1.4924719761299632
-16.64003389168005
-1.0561617860392931
-25.388950008111024
-2.3754476212850104
5.464778422130751
-22.792978017811723
-14.452948276003923
5.591104884190885
-0.7650408699419722
-5.418719826521247
-21.761480260071487
-3.4125686586183606
-0.5304617473942924
4.525757570372872
-3.563018095898251
-22.8031321707742
-4.41030941376488
-18.267264500762096
3.3606155927116426
-17.206404636410607
1.614245486568727
-12.238122840956752
-6.6409762295134245
-19.822067099183233
0.1916843693817003
0.2238000160234659
-10.564096043505465
1.3464805235020743
6.711041768305679
-4.980008980448727
-0.04545223137401733
-1.6620373217186546
-19.09115096803156
0.03418678433366007
-0.5446850321185012
1.5026466415424813
6.7446871139678715
3.5523481013988585
5.240367401647578
-6.689929491072769
-1.840215342276487
-1.286920955524069
6.601472420436662
1.1668779514037007
5.868199570721987
-4.40127000133014
18.85293186584012
-1.4656813052533568
8.772808767031142
10.660030971427165
-1.2078885497101572
-25.291781086464066
-23.962193156760357
-20.15067441091327
29.86275486643473
-0.7351491882837077
-2.5102126889810306
-1.4782026176231893
-0.833200027808491
-2.477112111959511
-5.4892285409504025
-3.4369129559395715
3.504981921492327
-3.2741783509144144
-3.0007820884584078
-5.446834080745713
-1.5277321689425543
5.230841698003917
-21.059391009219873
19.254125337146732
-0.8540824946775953
-1.2841400236210851
0.4384545890651754
3.7003156743401497
-2.7677790838301917
-2.185513988254158
4.3978495519086565
-1.9701486155865446
-8.664097373885777
5.339215214372123
0.4411285064173689
10.62321384023237
-6.269151828385812
4.281591888839511
-1.5546193127244194
-1.4424629491776073
-2.6634566675943865
3.442245585120599
-1.9646322859820786
-0.851277030823425
-0.9761763944068129
0.2545070735020851
-3.1009568516450186
-5.4996914359339675
3.8546647888924683
-1.8701119717692352
3.394792781444237
7.201968039998471
-0.42397405207389105
-1.5991301537212417
0.47418636403977055
14.317944421711163
-3.2153925991709755
4.215061789682821
2.5678592941389193
-1.13126690514326
-31.753896798753328
5.712694418118861
9.039742692122312
-1.3699628988657815
3.8826507049804944
-2.329748505365413
5.38399126423472
7.252691851525659
-0.7354148046408551
-3.0985014696267563
7.0309514144605885
-20.144645527910612
-0.18203123354975181
8.893185546190285
8.45938018828167
0.6250394993550428
-1.0775837498913496
-1.7812026080212473
1.1109127632930735
-27.719818119993164
1.1762087978541103
4.902933016122501
-2.7387177675310914
-0.5924579307699912
-116.82493410652918
2.0223529891090437
-10.863849197114565
-1.6398587459672311
-102.35857317521088
2.8030350142857436
7.036159062501955
9.043539227845665
1.2595934165864398
5.126170216921667
8.53523178446877
6.4304255569577125
6.530429462872745
5.6871823557787975
3.160393129656174
6.714791558650304
-1.3802413903536526
-7.323549493022974
6.976826407134814
6.050669136991363
2.7596884662059957
9.340428050389283
9.089999256439867
10.49657464507801
13.70697241778135
2.7912215014002104
5.5302042118694414
6.719704832323466
9.985857332584418
2.101879495717029
-0.0256535603858683
7.864435360946201
-8.679840737448762
4.959046674714322
-3.586396991240432
4.216313417307541
-2.429338408621449
3.032181468880686
6.913409223941564
-1.919798338079243
5.4721977661923695
-30.465461497803123
5.556171541925475
3.2063495899837857
5.4101068960604906
5.300969754538268
1.8257679354718657
-4.208360241141291
-3.0016249196976186
0.6696945391512896
-1.6812669751029883
-1.2424011090977476
0.7259254228387344
-9.31508612164082
-0.4534282897157532
7.854961669557783
8.411996941225771
2.314575441379545
1.2075955953030326
-1.1450935238370383
10.27807989041356
-4.135305467412168
3.094722517215005
5.883048363844038
11.13871880309011
7.5173903831755435
3.829958566123521
8.843494636947316
2.129864632931262
-0.8536278015877179
11.407682655503153
5.98512737224188
11.77213140564388
-2.3593045093802805
-15.49575620334678
2.265206602904543
1.3538755799408655
-4.900921555678405
9.271623577931708
11.95539384061256
8.15424382525205
9.529743651975037
-9.494043576325769
4.710639074342997
4.111175319081549
8.976179496319972
8.893371228677225
3.3624595560324932
2.633488847388539
6.301254045503106
1.7850762574857408
6.402653468889089
7.936125833900826
-11.277824647853846
5.289447666858084
9.061106386572266
-8.724332156078788
9.737915238300388
5.928298154525356
3.9849692357858135
14.415881807109685
1.609221766072353
-10.173818731731592
2.652784593667302
9.898306126137514
9.799476039327041
0.8805367594967595
8.142920648464669
11.827292951411465
-5.654353899933843
-14.475022789184905
5.728846782765856
-1.7194647353801067
-1.1070530494582829
4.451696673336469
3.77862443627078
-17.69261763822421
5.305654271235611
2.6384502098525093
6.355383645333056
-8.223049683549394
9.121338527230229
-1.3874569571588116
8.267889346534961
4.840698693741147
2.614917351276178
3.1527928253334245
3.4523191799171125
7.425535670880395
8.965464680466035
10.046386519145063
-14.125725260277822
-17.63706927976372
-13.993602207564777
-2.6042194087925656
2.373749543797183
10.250475415157338
3.873915986917021
7.432539398144437
2.224666042937052
10.285377696465197
6.345153792981439
-0.2708412156012092
-4.891189605959303
1.4969568938227504
9.24996962940642
2.665541773371484
3.149513245623707
4.235601742435378
6.603860906163644
8.431562561484679
8.785698321411335
8.17620045634475
7.583063364346019
4.073895166526063
-5.278878780630061
5.873762407495926
-16.921934209468972
6.170282275242911
6.369577823186576
-7.1733805653394365
-10.916584956752972
1.48844741485506
2.3492353659053706
-9.694538309964141
4.754624703190907
6.151684110633946
0.9640646202521608
1.5706475309591208
1.58734349013252
5.8597337037335615
-0.28730953316747554
9.072011811311869
2.791181432159532
11.908043239193729
-10.5051663824745
7.63332613368223
9.545640072437289
8.810600345591581
7.821821838088923
5.8217419806432105
6.396188838979319
11.347953775172849
8.921564690685516
-3.94858122671291
6.270887322892278
2.8461701739079452
-7.083163835385479
1.5063688609804262
8.701055901351976
-1.4777677936179723
6.648425262724664
7.191407793777122
5.809106526269591
6.692114228384814
-3.6933669643958504
-25.11165482633062
-13.778658757548563
-1.1326716993632648
-22.14843795106315
4.93192608523627
-3.065699077384231
9.211749156520222
12.780739925047252
-10.002182919483092
-1.5418253994123923
5.26597130895329
4.070670957904071
-4.2696951096046
-3.04153576176438
10.578490173474902
-3.0719443504661372
2.630695082345472
-5.042880620775064
2.9774948687793095
3.2960354725438368
1.867030044970769
4.270787187846488
-6.158275301792733
8.658050041889478
5.974187479560529
5.479983705632206
6.40721729552199
3.1503229346397283
0.6360275954851835
-1.603014720386091
-9.823721963043091
-3.918774467637943
2.969619496917778
1.0592668428660441
8.83080215731056
-2.3595036252879322
9.519064620104333
-0.7750739450660413
8.974556937333027
6.467135468079595
0.08513597935040673
4.808138113362082
9.253884516249423
-2.0595582345804364
4.333423170575304
5.946753761991073
9.490907992899452
2.685655505036834
5.875721338753738
-0.6230505547094956
5.836849504802199
-0.6843782435216874
3.3148677629105956
7.385698157099702
9.506088001427685
-0.755957467611104
-27.46293673283127
8.706652506902687
11.190991079870773
5.389535770711356
4.802804125658558
4.815235485539687
4.499104074836462
1.3974231307729839
-0.06262789891211518
3.388827434718853
11.439364974580258
6.4876466058735165
-3.995944047091712
1.6231630635899688
6.221300837897099
-7.168404535451294
13.772556903754731
0.9168476660344265
8.96063754004504
8.08649718907931
-3.69160264771899
5.936842378913526
1.8285313821916085
-1.9115545490020436
5.788530459989805
2.740297971919054
-3.004859900204049
-6.321102452014175
-6.537453558064083
2.157675429484475
9.894802297728056
8.661573213459814
3.5574684461459256
8.394126883865527
13.654897087033719
8.756008792314207
-11.631534594531002
1.6693738172858241
4.733204708944426
9.416700400092823
8.970160430643931
-9.795760882267661
5.710748419398601
5.221385244442987
0.3087382309439981
-1.6047567525023168
8.038565182499838
6.896226281625096
7.299560632731323
8.698985994878628
7.15421213330907
-0.38086387784487186
-6.151543589970537
-5.042117894894998
1.4009597461584282
2.054157294626089
-1.3500195316157209
2.9224229564758053
5.549106432466147
8.076739086015088
-5.966673306130787
-11.792783380569139
13.244383816993238
-0.047858204711647145
-9.915183848891312
-5.983875734751967
4.339744683496555
-3.7884860106333473
0.10308804647096981
9.27449362717716
-3.1776762645095924
1.9013229918944607
6.045779227568195
3.226208353383167
9.028531423393309
-0.7335215255718652
-9.47421080835573
4.1492986231746745
-24.05620922155464
0.3053503148989507
-36.5635640581386
4.765152616908832
-5.0360213049280285
-1.2026765069714145
5.684595253563753
1.0288751071944033
-3.8301318972834375
2.2505327998157347
6.872407260073359
-15.702541499503644
-0.646607817075292
5.171649040881921
-1.045779434202514
-12.137391499846384
2.351018319094656
-2.4680249499153732
3.0429706287263603
-6.931750637352569
1.7644740563065375
1.130069271509036
9.16277059955065
-3.675793553517949
11.669240578400913
-2.330178763143166
-9.8456578472682
5.434522493412439
9.678809904682904
9.877095857289873
3.382466377145228
-0.4037866835232844
-15.638183395758064
8.165723968472467
-6.106951023416558
7.256504958349296
3.247264752939535
-13.294341622788789
16.269159168471244
7.38790535200423
6.433410484113171
5.4268752617197595
-5.554094585050993
9.24032720952049
-7.0365392052275375
-4.789113084283523
-13.74295483547145
7.2534607653526795
14.55424186552973
8.573607694680522
5.403543053225761
-1.4647911218385261
13.659139272650766
-7.895182159859877
6.367089736946379
-7.824426426308797
9.782447040364637
0.22283491818224221
7.791310355643105
5.637580499339453
8.320299057710724
-4.205735516562994
2.980289369791757
5.653583965924298
-0.11433069121034989
2.2796039437993763
4.345539409628463
4.236065485800116
-1.5191555932267264
-1.8464100141568887
3.4158193249685063
1.6065394626907707
2.460802478183616
5.912555734266437
10.680802437486921
3.582604893581661
3.6605522662952925
0.21926621161852267
6.415929021537117
5.967896024346765
-0.9951155115745265
4.386833528045136
6.667555472542815
-1.4131788650558792
0.5795464699349577
-0.1504893546657683
2.4859951250596817
-0.9822695067489879
10.746556191139621
5.75445587715553
8.483370906140934
-0.1796612350301776
4.300023514293707
-0.3609296345158114
2.465671804221375
9.01343422183788
4.665831455597293
10.345357336215297
6.787255713305015
7.117348316129709
3.326559925752414
7.374739393771161
10.083592756802517
0.7124301876159398
7.778524765318144
11.30037014039058
4.025032581521593
6.742296708966022
5.3793006867568165
-0.39048136387709864
6.315456369389754
7.816877343550043
5.522424572921595
3.4782928972066625
-4.476030500075006
9.878339263923575
8.820553907814624
-5.556744183774564
3.1067151763570955
6.819066571050479
2.3926854241712996
3.164334875939571
6.578757442654383
3.4701117477479446
2.7196026206897854
2.1986197621263392
5.932452791356079
3.856605709042509
-22.96667843123062
-3.9610764178248155
-15.694610865497411
8.980782456862151
-6.827365356644453
2.2257512372943187
-12.578479532953303
2.3590473575973254
5.191389073164728
7.882453127586466
2.0126801577180857
3.1022462866156566
-13.669793127215783
-2.972217933998795
0.546306686131697
-13.721777233622296
7.499439973487425
4.592841163762909
-0.9331002598003373
5.979638980472835
7.899048227314527
10.382843528551437
-0.15874582804768056
6.237947859686747
1.8524046042784215
8.940509586249469
5.611587407057932
0.09978986943128243
5.5719671371025585
10.408410867160084
-14.459444473700643
4.632978673350428
6.821911159664034
-1.148350402036976
2.5220245230720795
7.493599160971128
-1.4167044740541768
-12.732019484641858
13.451439219171776
3.689406271265133
3.7140662091748844
7.963389054615863
3.92729049977131
-38.402270884141785
7.252835961083825
6.486689032067193
10.322303950137503
7.553710107534526
3.9511278042540328
10.424199866014373
6.57865491281232
-2.835214671714091
14.000492501734746
2.9934944290816006
7.307269570205547
2.525715163114434
11.723974131938407
8.452693811106828
7.7867854682677375
9.32863200376574
4.90507934895789
-11.111257044884745
5.269618736961177
6.069276021055615
5.296484479187431
-7.660676929784775
8.560902956391987
4.1058566925774125
37.14299453442024
20.851552907774735
12.545610173873419
30.338367126663087
11.64389620194321
9.718981403357764
16.89612033966889
11.220815421767671
23.858419625586926
7.370001461359102
19.060992418808357
10.275938123145895
19.068744186127777
11.861007303513729
-12.332885298734894
-15.715644234471089
33.6782959283445
-14.092222820781542
0.399080724905565
19.229650592408806
6.556824032333554
7.6864061767327385
17.670775742922604
6.97837146576087
13.337562630673492
7.828423665929284
11.364841238115517
4.619835660654357
11.140727874964355
8.543981842606762
6.176972378556878
38.492658420026494
18.385014986443455
23.822734985447827
-0.3046074979296496
15.92126171608372
6.4515991266108035
6.750769069968033
10.904844115199896
10.079587622898146
20.862887653792374
18.597687058186658
17.239794663852543
8.233974674057807
9.549419599341503
5.72591851692849
-14.861243922132912
10.8208292949177
14.066752304303066
19.36053937501878
13.112743265491158
16.406718067359613
14.333616151408531
10.730918561113336
9.621893914284017
-10.839806070792116
7.647307513624975
10.52540438479588
19.21047351645931
16.675011715859153
7.379067129131656
8.101028517120037
-12.50989979281316
10.654784046944176
-10.976586253812336
14.227181702862653
13.95946168629435
9.533760177351144
-12.754079931138369
15.239939260626784
11.071136516324172
7.3692863551018455
12.24808688430745
4.7672081540622315
12.964657382915417
-13.352955500783974
36.823001908464896
10.263105106733152
-10.224399167985183
10.383890926165602
12.231068312339428
7.22134134174447
14.190423014466909
19.213038349124602
9.136327280734669
23.50492038864962
22.134235895913598
10.746376556386458
14.443582000825227
16.617427361170254
5.285585794766601
7.532264768529323
2.424100973193794
3.996910712500088
37.29663845614802
19.359625351468203
8.725438159465012
22.635645911511943
22.977359476992422
18.596001164965095
-10.04296693625953
21.93070639568006
10.078762379230424
13.609513996528953
9.62869414981632
32.90260069166852
55.29001167861057
-18.722785612426364
10.954415797600081
-2.0306184841545454
25.92258148013964
11.156745290973143
60.37584043038128
20.655701403237654
-16.14749394658924
8.310522534420286
13.449654170170993
-2.183105976435976
9.077000771628907
12.89259190829009
9.8623997286712
17.169723504890417
-22.281931821695025
2.202787320753968
4.515133629116506
6.552549637124344
-0.6705776240843662
10.520367334693937
24.39048710560352
-12.210360235790143
-18.602789647008564
-69.30974708437418
-22.07544983165809
-34.541690272355325
-12.343902654286397
-61.87493594693074
-37.80350766946957
-2.788963767111934
17.109705734382477
6.212443446033771
5.617803080717495
10.355073074943393
11.894696147879744
0.01410590878197393
5.633838200595329
-11.894941139622391
-19.161225127231862
24.27416414024355
1.765059912288112
-46.14086447413712
-22.200051019697234
-91.55507128908472
-17.305525745111726
12.421761304939865
10.028080692541138
12.379863242647584
12.590655967039357
12.354009150266958
-19.209466024213935
25.652932849346556
9.325181637807413
3.140919734277425
36.25168478315513
5.336971695020746
-10.70749252385758
4.71467114091481
16.79688929354007
-17.82513280747002
22.00073524148012
-8.301494833102762
-6.800117514841742
13.046401370029946
34.25909489553646
5.43411883520913
12.151164446553937
8.445725859708126
10.881993121196796
11.480656152935833
9.081341507488192
14.374711130557236
28.151039131500603
-13.954699604805441
-15.30400041955379
-22.37715609934693
-7.3460226356570715
-5.936044512573706
7.915202098261657
-23.640874233892085
11.606417547166396
5.043350176415228
-13.017777172207708
3.411779294147255
6.6667445340153515
4.525634082775488
16.622672117951055
-7.022678186124833
4.397983172240581
12.110154181417661
-6.942916675968172
-1.1673540498409398
2.476897231986855
9.06579542158687
9.905981109462646
6.569697378987253
2.2681475397278525
10.765105701105238
-7.522723941455087
-6.261140455212002
0.17033810875331978
17.642509554233808
4.556240300354766
4.578455381802168
-19.316237018936054
15.058763167144367
0.9818801584625039
-23.165249125404898
11.576138075009286
18.665832368293707
4.5883476937503564
6.357606823834102
-29.70934981413626
6.468479373315994
3.2996876359026324
4.287971303032186
-4.444730533680502
-22.34310173327348
10.820319879335083
-16.634186587212135
-0.348459760048476
4.812965682793807
10.324302730265435
22.4913651163926
-0.16214219062813773
12.84089940561619
12.971633654139168
-22.58899987756714
36.922732803200844
3.819855120580029
8.068269651258007
5.423136253521335
12.176195815845988
11.252945862800004
7.889484667498982
18.003260971192752
9.528237295056384
-13.235611276801707
7.5051232073086
10.307148138611108
5.77375699882936
27.569139514005126
15.661674717107768
-1.3546825597527556
4.4433275898576206
12.816346406102621
6.958869540719458
9.572606009313844
3.3434223985328257
7.410703185619772
5.862803657925197
6.001881686094846
14.693033420644987
4.0704006556505865
14.90382653189044
7.012003716793279
6.620333772892177
11.008298135688099
-4.998761907469904
11.037907563985785
7.07995093374544
9.57611039355756
10.550182280027888
13.000818645636725
21.37560625152915
6.124763604924331
15.965948978763613
14.299860274346546
5.230934498910837
7.416902009540799
15.840976756965368
11.463241454961441
8.064054764604462
27.530794226044478
28.174279312312557
31.256245941922607
9.841339229581118
9.534636697292989
8.929644414684834
2.651415603731665
7.9479149544567935
9.637327031327574
5.938081681036113
5.906050455802464
-1.1998159513469306
14.50541928839882
14.078554244338997
17.33159078625692
23.45542963411063
34.735748748811794
14.77509727918681
12.624877079412185
5.784364123922088
29.24424061377474
40.57338312490924
10.540228098794051
-1.009695910044557
29.007890277584412
-27.94745234677802
-24.277646544299206
-16.484597003169153
38.74118834724458
7.361767021018725
14.039410495278917
-9.074313085420288
-2.907127256906576
14.432940860469799
8.940718388476485
4.535350681617236
4.4114416294618435
5.798780862282046
11.087570672931099
42.96913614262491
-25.646892724962658
9.275548865708169
-28.15049424168025
10.932129711239089
-9.651610219877107
13.209796014174955
46.35862093329802
20.871596705932863
11.326242718566183
16.764712188997382
-5.581609183860338
10.9572516186754
15.07493955787978
8.298872573763207
16.539492326837998
2.1610305385441673
3.37439027479206
-26.359566051223197
-2.321051623249789
4.777310722340871
5.8368509590946855
10.313599066551472
4.308598935369128
10.534065151321082
10.823933919192077
11.027606252539801
9.868626706370975
12.054685629226197
7.4866622498447555
10.935166943572051
13.701937680690007
10.237202709061496
12.416458729107674
-2.81500179355338
7.387138554803387
3.01214886845111
3.0422642416596615
2.4428812652285607
-0.5865005128299189
-11.90222937352327
11.225397702441894
12.225856292245446
-25.296560814159843
12.182498763142492
6.942279954618871
-1.6410297247821535
11.329671694109985
15.447328670963536
-3.808059470967091
2.7971404016159567
-15.311595712136684
18.288728277013032
-26.571922749313245
-23.26357445836252
4.267687765841092
6.210718794238086
7.564670913035641
5.901344675363372
10.258860893705721
0.7025000652638456
20.33979178039198
-5.153956953358881
21.626299762886546
10.508326623787521
13.126599317908811
5.323677576781541
3.3177516849948425
6.928319938150429
-48.89642867950383
6.356536729571783
-19.23715872056302
12.475804606363917
14.714377731054924
-1.6661016656774295
-0.2431732998684295
10.50506332169415
4.210305862136581
8.817815347030633
7.121388821143755
10.4361327790211
-7.471807176269043
8.341724499370367
16.10157890094965
6.978633265157488
-5.966013217923918
10.303315783993064
6.737613934447974
-42.026254252354214
5.722652079534983
5.564353668156096
15.481421970753967
-2.6501438865990585
7.2329782631918835
12.877079747797444
-1.5932140541560065
4.8600349907403055
9.16545292196379
10.839729925234808
11.226962597733937
-12.84002435425285
0.7812427132652604
6.1392446313579
10.792275385534616
8.933297418255407
-25.67260705001982
13.906301265936278
-5.79039074631369
15.599529049115926
5.171690554268295
2.727261799270743
2.8413024123281088
7.360389246080674
8.728410117108858
4.748311713144346
8.999054644842987
12.899032858090163
11.340332491929876
10.193314423253764
-13.390917075322355
-8.458835455917608
0.3266406189029658
7.861518629760107
8.447658488512069
-20.89587690381407
16.85591592061503
18.52945763453857
0.9746885295788206
11.71268749403834
5.846403055845492
8.157994669072
21.1395402303371
-14.700671670727388
28.013141902527263
5.4175138661691005
-32.45797987849046
-10.283559163958547
8.198680944492049
9.411043868796973
7.760031508217198
8.929438090066782
11.583606531302667
-1.2522469438095725
12.652553530091376
-14.458371470730821
12.712183692733522
12.220178933505599
7.078345499593922
-20.909869289324774
8.323049340154208
-6.4592755588145385
14.81106643203751
4.209403399669718
10.249813638686923
2.751510149763755
15.411610268090662
7.546649892355772
5.143535517416756
0.5720497727545777
11.095314041981789
-5.8005444901570655
-3.0781566273984753
-0.29867831860560945
6.7200835010058535
-6.056907749139045
17.05064069701056
6.834260175896565
10.714224998836581
10.408299389986203
1.9025133649012278
-2.697753076238528
11.518471447056701
1.7493915199259944
1.6975951628391748
6.827942563485247
9.840983788590314
-2.917658999259078
2.711572959318939
-8.13043677309993
19.639052733626954
12.41428139270573
13.059565096590898
3.1489338662833957
7.6967439142225
-3.744652876751657
3.814535033676407
14.64246203710619
15.203372451100254
10.286783025429871
2.9227650178229925
-6.089744773639108
7.81195191130349
-4.854239789018129
-29.415496154022765
2.560841846615883
-1.6301406237283937
-19.812984954872505
2.939211149878063
0.5245391583070893
12.672818964148178
7.893362237371948
-7.943662190005852
8.645867816867035
0.006893060294860698
4.814701070654136
6.5643837747204605
10.692892065639558
10.304920981750849
5.92973223124335
12.600229761282929
-1.101803965203142
6.948343411797601
10.924278428078079
37.29311670077094
1.5851409556362817
8.577110731445316
-6.373815508371758
4.507410593970926
3.1113615808058404
2.0899318913864193
6.688915821850643
20.655740986167917
9.273361559223746
6.516133691674665
-1.7838888074729136
-7.086826072148085
11.085101666826754
24.892728467950164
-8.979333723649688
14.146155726454563
25.30063930256294
3.626908028265956
14.372611967411846
11.192075764998346
-1.2420848040957848
6.529499829238867
6.578128969334256
0.574483943924962
9.220652579275466
19.211707712281704
14.941671862029287
2.7588543880830194
22.381898104915635
7.804011013630648
4.432623458374484
9.034035917655734
4.739323127066489
6.264156882706016
-17.42884602441303
9.378226946799883
5.383233793823025
6.607655097446145
8.803083680897242
4.63689473562169
7.794200647431975
2.406301215137353
5.605253505345111
8.51907165729307
12.34542022018811
27.720076864132476
10.217722074194713
9.507531566876867
-13.50546872101587
3.60780499028715
-1.093559797456124
5.035727308300481
6.343661930312002
13.53054418036807
-2.157400503524035
9.716912761060964
0.17178189306392544
-1.1748666346155674
13.058272150771925
16.95195678817009
9.012595006105347
-7.676182518287938
-6.478630644653492
5.2380934897355775
-16.172765491441666
4.058390243383979
10.835828017354524
10.259615003827344
-0.8821386885334004
-22.260807609194636
12.050653316045405
3.9652731395647267
-14.366513183851804
4.034721578863728
-15.693777570843096
-24.809894021613808
7.547675447531832
6.916511351851311
5.782308511094723
-5.400316044176487
-12.069511549534615
4.975087982511512
4.520170965587833
-3.8689060660252435
5.476716658148965
-32.17312065928782
6.08399309892407
-19.199234336945658
-14.480847310510725
4.591734381438651
7.2655450919290345
8.073957838541887
6.520956899805902
8.341030108529589
4.148179472577433
4.264426549367943
8.649812479693216
30.37970893116262
3.818607020216918
33.890117480590725
10.857300246867595
8.753101599603749
-16.078530183966798
-3.8228188820010667
4.916368178018841
-23.682738001860752
-16.33692126898729
-31.55891792211265
-17.89477595945839
14.619368538137058
-21.31009516217739
-18.516177199934145
7.972717622507842
-15.522624459878529
4.625679953096177
-16.348828746026037
-16.493952358101854
31.4789417988135
7.188426323017367
-0.892202321789304
-14.397456270150187
-21.766120709652338
4.5822887381385735
-22.400775236977804
-16.922605544790873
-14.902194257919142
-19.85958123648278
-16.08325237212135
-19.445654629068038
4.194946435179452
18.12556110753416
-20.792577770953514
13.620672367858445
-15.35582487913019
4.824012974265119
-23.522559893104045
-1.1498447291746947
0.9304715383961288
-1.1272241700709942
18.66203795215887
3.240877021852871
4.78171485622448
-24.591776625006524
-14.126459968048874
-3.268784588735493
5.973315802235244
-21.841915714115157
-22.730811237626792
-21.325132233085192
-13.524128947168126
10.353686719878135
-2.601011224872752
1.5897764476991965
-20.295093253828206
6.626959159982734
-20.03686348931825
5.599745520827846
5.773105522546531
-6.080908701588568
-23.0576749824186
6.134813869602203
-22.492859030422444
4.17274523616415
9.41047150098889
-30.17914465724773
7.532575850571865
-18.99501063227196
5.857014446724164
7.413550783025476
6.387583099039275
2.0898199984030907
-14.625034742877878
-13.26401335165808
3.647151394773184
-1.3058782944533742
-14.268069577666699
2.842285762386563
14.528173905028252
-17.72290949103358
4.165695154450655
-14.741485426593476
-18.11033114786764
7.734289335312939
-15.114053649531627
6.8729658438470445
-2.8052280454026324
3.3413761963928996
-14.058850007194216
11.09580965718407
6.018772621406229
-23.15650924556027
7.785104089509284
2.456728631200867
-24.354227624687475
5.8168323415087775
-8.29323502688392
6.755494128488847
-19.08874948871093
5.578946565144186
7.425093736134766
15.371837902142435
-0.1436895260472857
4.459515561306631
6.507639255020845
8.591440713524518
9.658749065367154
13.270477707327725
6.051357712792586
3.0729924846240637
4.770462939880066
8.437733868727369
-24.53528398857908
5.388017157021178
0.07028018055283991
8.97375995012063
16.118992843283223
7.5701301501698275
14.083625423509705
8.62113387935559
-14.502835954087203
9.617115302566988
11.167740621613035
8.431386845091014
-23.04809616006296
7.822659772125094
-23.151013510062906
6.631237066290259
6.941570481117666
32.090406745464286
5.726279832819682
12.464651079651858
-2.7221488872325446
10.549083446941918
4.865452482716453
5.912401763009867
15.34730433305279
6.030052228114018
7.094854779122375
-5.188999144492798
7.012540473554852
-21.836659292859956
8.437398755656401
16.945845538168033
3.7677476804675534
8.087397602105263
-14.328900328292367
11.085136848296369
6.793779713753208
3.4418646760007503
8.872926266365127
-2.139922401221441
13.541523839810104
-0.9335335090104208
12.651376672151779
7.483244386836818
11.269288112875957
-1.6232024180379816
19.109156556534113
7.548307702463752
-13.54507345256253
6.625003747869521
-1.6568189080452598
-23.971293606225352
4.67089744950594
8.5299002165915
9.212712599179037
3.4701048521754547
-15.994633833242258
9.140986703005382
7.166738928029636
8.862828463416943
2.218500955381272
3.8366385267702494
-27.821490159722636
14.859468567011737
10.923456375288106
5.167895997190971
3.1108670289250924
5.49604428807485
-31.945558266047502
7.576972730627647
-20.681590825157738
4.0412959450965715
0.837108849576685
-1.6158098873268956
-19.351435257991554
3.0232098199659587
6.519133243760724
-30.607614615380868
6.72039378291509
-88.18570821979563
0.9951367069466552
5.723420115748483
4.748204317917675
-14.84089293464473
8.402691249261608
6.154574152922959
-11.453168509360403
-24.423001084274002
-29.29193868844729
1.5748794339953314
-3.9925690899742183
-25.573153752573322
3.089101480721718
4.9969050606248375
4.590813863380782
8.90110669251448
-17.37982422756645
-2.5948721232451817
11.941109724126473
6.236720542806975
12.489964984202146
8.515971223339578
-23.862260586876683
-123.43853097017251
-0.5321216065352072
-1.3369772692768758
0.30251190187848875
10.06839953631267
6.74210233599744
7.915952562901982
-19.702095670787074
3.933900058141341
9.357526588402342
5.772858878425403
-29.31334068406336
6.954913167246673
6.189146596822735
1.3401493412342682
-1.2851631169632263
-22.345470988903966
10.172218844415289
-16.20803131741406
-23.83232861153162
-8.083318836846518
-0.3572368802886695
-8.775825131875166
-28.617226833722558
0.878269623115117
-128.3607613065485
-2.725031257512465
12.301409730666125
4.2713332152744075
8.197040350611648
-2.4633402545083762
-19.22986149552225
-5.342177395354756
-10.227229746652794
6.511273366086459
-2.1211303208885877
-0.4900288193582365
5.209621191783547
5.359362605142681
-0.8792233512495176
-5.736308039053768
-11.697533003675339
6.3066437661977535
-5.060857556333165
-21.523058113863677
-1.8599253901572628
4.474772282557423
-0.31443645996560465
-12.704365758414687
-9.404263444768379
-17.382904615724076
-6.438615008255032
-15.671879229916057
-16.79641881562749
0.9813062391292489
2.356967420446721
-8.908560019030782
5.0571918075946405
-16.739734638445384
5.173722996793424
1.5721705277850697
-17.285414840247192
-8.52784157049534
-9.88133921506162
8.308136893313032
2.708316519336444
-5.6986634684359805
-4.02018444836691
-11.549622265094543
2.9962533407544854
-6.22676947953733
8.602348740079945
-8.055850526994186
6.2876368875811535
6.492426590104381
1.5324257346589798
2.4381493289633145
0.8936709726847252
-10.283698476253653
11.399526486054214
9.44976049759683
5.978580187521298
-5.493743362708279
5.500920500792978
8.10688172996355
11.173927434705622
-0.7570186325666302
3.284974136594207
7.980310201271166
7.091949600074411
5.721452589265576
1.0434343831538584
-2.5272347897022485
-17.906057225783663
1.9870163828859466
4.232850463915498
0.8693348953018625
5.807874096449857
-12.876916097600114
-1.4516909069926156
-6.047912429915634
4.083644077838269
-5.94045823643459
5.419350187608617
0.018779816508665448
4.754353635935956
4.22836205211668
-0.07647101346619434
7.3506514416778295
7.897938792743361
-2.760542650783787
2.2298800192194363
2.865826911413485
3.062706261373001
8.322237222073118
4.732128820926153
3.830114349327032
0.24974106384724504
7.571146600980487
4.162451005655176
7.119699000203282
5.130039296641566
6.726916783637293
7.968425719063347
-2.7071792164585657
-1.7621096866045636
-2.3707251560591267
5.191781140347758
4.097227367404971
8.685664920231929
-11.406434949202119
3.3861539851179687
-0.2697075283666861
5.687845114083803
-14.789763465724521
2.967238740591272
9.112238719453957
2.204700755628843
16.329984423889602
6.946671458591676
-10.102632051812787
7.203326653256358
-6.932757254462787
12.209320383548032
-2.4297788037469243
5.6880105463193145
8.907421361248215
3.5273976999909067
0.36925506574982325
