-13.254548266689296
-46.438402539210756
-8.17552764249795
-12.054121180255791
-26.8323190831275
-5.99307583635141
-4.549959829831496
-1.188386106478673
-34.70327660116615
-6.249449412139752
-3.5997546882623177
-2.407658457420766
-2.428496678938468
-2.417697939971462
-4.26460681347549
-2.6156226716513418
-2.7371647172905504
-3.5329973650711293
-2.4809592246344914
-2.479294819462424
-3.307009779704114
-4.136551170668255
-2.693036501606926
-3.8350542477288587
-2.91089806111033
-4.013650601636619
-2.572285712275033
-4.124512424602486
-3.5975476163787143
-2.712168356766302
-3.068952569243808
-2.529179285884527
-2.455722551874818
-2.7051088607224325
-2.3102836140530822
-3.917916678588215
-3.140002015292644
-3.055864246411872
-3.0922443351143376
-2.520238582552719
-3.6238576661025474
-2.4456074376019354
-2.438505797892188
-3.780396022160846
-3.029380010543392
-4.080489222947508
-2.9545606999018554
-3.051967386026554
-3.2493193283441144
-4.12432713482653
-2.711467220727976
-3.0284242331907163
-17.651056456444167
-128.52693557707573
-12.634773376950992
-2.970979010051891
-2.7394467886233125
-72.70691893347247
-19.65920219041345
-19.444511970148735
-16.743442508550054
-14.982534301662197
-14.235366578247403
-14.503344605165223
-12.020433703490843
-13.63947170300177
-17.173199462388798
-19.013300641655416
-79.37604940236064
-7.385657892774793
-7.437216311961646
-8.05908656521266
-2.39292134240052
-6.498421190767861
-2.5025690983791544
-20.598656944617627
-4.99708678754295
-9.645294968768647
-0.7871265127226943
-1.2251694096047436
-7.254979897599048
-4.276948712508505
-1.8311978391452364
-1.1682542340258766
-0.5642113869606178
-3.5116248083620634
-5.498928567547974
-3.237419776855037
-4.362804213900741
-3.848499475334461
-2.308578102925792
-3.296344988095883
-2.6203727779518813
-4.578751791013405
-4.741577319232746
-4.664034079315141
-1.74338867479749
-5.001416386567056
-3.7814552464081608
-3.821049710996448
-4.844413011077169
-2.288249873758603
-2.93559128109428
-3.9064549461230635
-2.1703333637888247
-2.002848911352455
-2.6417745237002785
-2.48810624745302
-2.5512315290644767
-1.2838915722612296
-1.6256588801629832
-3.579958671300981
-4.140478102731362
-1.3807662348250525
-1.8886245925202967
-1.844587493214756
-2.125783927523844
-3.442898230899126
-5.667277140651518
-4.09363661345591
-3.862007941178976
-5.2764637302166495
-5.293910318711154
-3.822455718121182
-3.722600756272057
-3.0603364903107293
-3.3340185409002
-5.221856872035809
-5.226552575811122
-4.6128044895917775
-5.2532591739390035
-2.999184168937928
-3.894535514646519
-5.2645915233356275
-1.2259422553701653
-1.715951282772546
-1.6832976555650425
-1.8629584024306383
-1.7269417828725029
-6.129652478425455
-1.4139110946500035
-2.1662909759419646
-5.514682494587575
-7.177537244313706
-2.6945321391820904
-2.6300741586393377
-5.5250801533230876
-6.3707928578766655
-7.251033102432266
-6.4819156064074495
-6.704155787304661
-6.001921931834892
-7.055404346294084
-6.308939448202343
-6.443867666327703
-6.17591282564277
-6.517679018937674
-2.4350689580142504
-5.168861471469204
-6.6518244043675585
-6.314223004131269
-4.9090774516127995
-5.4969537543586116
-4.512489020037778
-4.059584447798011
-4.550409082991381
-6.457371178219714
-6.766568590878511
-4.8258474339706225
-4.526738352820278
-6.429710712116504
-3.6959409607530898
-7.378845499362797
-3.8756021147780126
-3.5436949917990725
-6.406690526902055
-2.5626873587742445
-5.900287875602641
-2.7145119944668044
-6.4120467357174515
-5.641798370023572
-6.832090693713479
-2.3546141482051466
-4.219409154978271
-4.22244868295081
-1.8634487435656268
-4.887109881417826
-2.911505450581823
-3.2516414499108977
-7.943747029752162
-2.869860485557467
-9.757533912181854
-7.778981171869358
-9.184538134960848
-4.069361459083856
-3.0247623553238805
-2.226246465560008
-5.024723907339696
-3.1655256405193355
-5.017608232457809
-3.9447479344923058
-5.198004930238554
-3.5478565183656774
-4.6214643752357585
-6.662790543479845
-6.259815275973484
-7.218044585241624
-4.83560715115831
-4.939371667508036
-4.930585790218164
-4.891637313164654
-4.533748901894938
-3.4933270763208455
-1.7770410227399946
-5.322341060358409
-3.223186250823241
-5.568710253982491
-4.355590870958441
-4.607431095899548
-4.897858531725284
-6.0283293207120145
-8.284583301477754
-7.444853389481082
-1.8883693309731495
-6.834294662641983
-5.1021150580085814
-6.631939405834302
-6.636658279100899
-6.147274549245836
-6.285041924131877
-6.491447082171838
-22.389760652216772
-6.4578225591803555
-6.889101723977054
-6.2949680801251295
-2.5435506233858582
-5.476892301594837
-4.982401541944437
-2.240348915302117
-3.6195154690699005
-2.6982227677280686
-2.516495837770402
-5.019124392541125
-7.542033207878471
-8.880254929700246
-4.76296905514039
-6.580113892843948
-6.97978475541373
-7.306051478478439
-6.821601003892103
-7.300448600343737
-6.352296088676436
-2.391412970680121
-3.9408401588182898
-3.447100309088825
-2.472488009361551
-3.81504812227438
-5.985961267065256
-3.925477884429198
-2.630244627385091
-2.3549703015685095
-2.3675907714037825
-3.961812959606225
-20.025528179255463
-5.583482148227596
-5.4682539844810965
-20.3680935896614
-4.835700443167239
-3.6283595873738337
-4.66236921015506
-1.3346935008671146
-5.260268958244472
-5.614118263025146
-30.519382274801917
-3.741323942478748
-2.5791132186925974
-4.598684731200959
-33.68609407832287
-5.631746940524317
-4.188335162975516
-0.4718462555029742
-2.427808151510857
-2.385042243249716
-4.508621346309782
-1.5020929136654995
-2.108981584129233
-2.067085662965977
-5.188004194498681
-2.211217749702435
-3.7685810017057984
-3.1669442289248106
-3.417167996370542
-3.7267373727466904
-2.1663835333753387
-3.9180927652139212
-2.061366228076938
-2.13213991572149
-4.01425561380759
-3.3194923310826194
-4.281577194707468
-3.034142566651419
-1.9774039379749446
-2.1961509331809355
-3.7186031230750194
-1.764553665100906
-2.3453425915725523
-2.0719986320119346
-3.3383127968491353
-2.180485371500253
-3.563443542866037
-2.24084147232771
-3.785559100458399
-2.3342308439208788
-3.7023584020392337
-3.7077007023965343
-3.9964926025476313
-3.5752469210463276
-3.098406635173905
-2.6697561032685124
-3.618515479192138
-3.559515085568652
-2.378359047328744
-3.371195499096688
-2.4240406035662927
-3.2535848133141796
-3.4733856500461693
-4.506866344846163
-2.5980742409244817
-3.7103892672043295
-2.5875918471161277
-2.5505994271648413
-1.7760608863439418
-2.176204369748011
-2.523350063214701
-2.3077331733368345
-4.3192173779731
-3.088738603668906
-1.653461948985852
-3.1497034633771177
-2.771263164952397
-2.332323347164317
-4.205387613669659
-2.485854729756581
-3.5694180053621545
-2.399587085405366
-3.391948315785889
-3.4891630886389535
-3.075340855953593
-3.1062342851640024
-1.9302330757457162
-1.57490836041742
-1.8898726573071154
-3.2216277521420267
-1.5697158197487417
-2.9490666524451226
-3.211565683688969
-2.802594456627965
-2.9217070591676744
-2.6640561938938507
-3.080049529936164
-2.4798788020522333
-3.4228248491082325
-2.3507714217367286
-1.8194128212115395
-2.081879762899131
-2.1429781106368946
-2.5045225967168805
-2.724121424450849
-2.7293805527140718
-2.446462648095563
-3.5476810368336738
-3.916493040040135
-3.6509211815924685
-3.687248996376369
-4.0442147107627235
-3.666672444934026
-2.8714557117043658
-2.643403703923029
-2.2377598770852205
-3.014277304062619
-4.001995631038521
-2.8515646470691998
-2.13798002932407
-2.2731621390823284
-3.094924301944674
-1.4823832879473169
-1.5788227400587236
-2.023154465948465
-1.5585682915231864
-1.7505914921214167
-2.1027778816322487
-4.346956119194008
-2.2588509921611584
-1.3783738780648755
-3.346328787625458
-1.4105599334972618
-2.566791450606659
-1.3794371007966513
-1.7003483803874513
-1.3772553868144752
-1.3344865301766726
-1.7702449139996137
-1.5521275279987605
-1.9420660675863433
-2.662898221880196
-2.2600080084633083
-3.1093809752489103
-4.07788702074159
-1.5964400214602539
-1.3870780428132647
-2.134242645929877
-1.5180412080927415
-1.6482756318269938
-2.053591494626678
-2.045294107740745
-1.9483014402914167
-4.284184592734089
-1.8879196526098894
-2.4270149858168617
-2.291546408718452
-2.269409993818988
-4.207345871865748
-3.6104418189454197
-2.8634010101084932
-2.587756298102438
-3.954579043146846
-3.6357725077094516
-3.2739406747706226
-2.7028072296027084
-2.4460420386791233
-2.3928473408703392
-3.12920490685416
-2.4597267192676666
-4.4791990513975435
-3.865854527721805
-2.6944591670123224
-4.04670591700015
-2.926629893486698
-4.237971697228029
-3.083320339630667
-3.712679764218005
-3.7151871913460415
-4.019116193680093
-3.0056152934146416
-3.833997144542635
-2.0766808914858834
-2.13656272958126
-5.05939311161451
-2.051148737419398
-1.9748769295246644
-4.485331242422886
-5.2254253554418675
-2.7500642962822064
-2.476555138934403
-2.1863851452444987
-2.3073818071968843
-5.450944757993643
-2.6356649309707176
-2.140682491761942
-2.6888907915906337
-5.271977981992064
-5.51132647706382
-1.9396567369575308
-3.174225458547472
-2.1664483198225497
-2.2025735031577467
-3.015535704607144
-5.3508145605362945
-3.237751512034483
-2.1774252730496233
-3.8512555842045693
-3.113322038921219
-3.9152162045612924
-2.9195707865579177
-4.183752436091504
-3.051451705887914
-4.181018156427891
-4.116510818001505
-2.4527789100588593
-6.22041641277261
-4.062204792179788
-5.111627384334184
-2.402338996694114
-3.1459198373084294
-4.028759846171363
-4.167804080465187
-2.6838929844107486
-3.1309162551580596
-3.9916245464247986
-2.1821393568962812
-4.916799895088497
-2.7839557427987467
-4.087109726383659
-4.108345003029331
-2.021776876586176
-2.0680515514531477
-4.082173963839189
-2.745533087601885
-4.260878287730738
-4.951435689810664
-4.071329138168447
-4.0692750784885146
-4.429010176610202
-5.015936366938676
-4.070229477967448
-4.349291825140513
-4.0394345196684185
-4.761963256608387
-3.4551614629483476
-5.677038789067416
-3.018334900880851
-3.7785819351729
-3.754889740124345
-4.553049372707804
-4.332320937497233
-4.74351939485657
-2.6456893023817463
-4.19246714691383
-2.3880106014280273
-2.1847797189702582
-3.6311398137429083
-3.599863126526744
-2.631990593776419
-3.0782405274684197
-2.707340697205935
-3.328231134248275
-3.5681862407003817
-3.7620937388222666
-4.151297293726975
-2.8284651333217807
-3.7352222336623813
-3.320202592102189
-2.861718466142192
-3.485318379235764
-3.0410953190593677
-3.300216666070123
-4.2102107197474705
-6.002574792182075
-4.227634379769367
-2.420305271207668
-3.0464966956634667
-2.8014222932346167
-2.437763893524185
-3.0262504193695894
-4.348197742099561
-3.3894465594391012
-4.991137408336625
-3.9253862934652712
-3.178545616020758
-2.6677551954388625
-2.418820275701891
-2.662124083628256
-2.0811405640958482
-2.8261679514069113
-2.3375174697811385
-5.8155691376024246
-3.0290481170602144
-2.3090006454760843
-2.7319698698576547
-4.343996717700113
-2.79094445246334
-1.8569861579465976
-2.4367948764519145
-2.1014496790673585
-2.56810035879041
-6.213898388406264
-3.241154289523762
-2.352316120405372
-3.070547160887933
-5.920498169658084
-5.854834844627107
-2.347345220473282
-3.867746688390771
-4.690384860318387
-4.476803783592458
-3.410515072785936
-3.6097197559179457
-2.7203156795048447
-5.798693869880713
-3.011327852198235
-3.0150366809566846
-5.939183417830616
-2.8116188541737683
-3.0482856045638504
-3.1366568767161405
-5.591521909438692
-3.127826982334878
-3.2449752088139454
-3.2239143695632593
-4.4095552186804525
-5.899672028517353
-3.171777485928186
-5.796236965180061
-2.4870840188399894
-4.3382729662265636
-2.430957761522383
-2.534168187397224
-2.3777431597858674
-2.5700864262829244
-5.951880514110126
-3.0201215649483095
-2.978965758913197
-1.5877432746322204
-2.6534099074689035
-2.709225687243353
-3.013665878502267
-3.0216012331110735
-3.2826581496419385
-3.65476510706544
-5.02659328109274
-3.2219250913883255
-3.8717897030021993
-4.194119386467462
-3.0867204353418196
-4.064042713140445
-3.39522759057147
-2.863106236844636
-3.2231118893815833
-3.0601879087009767
-1.6719122747741642
-3.2214817724047857
-3.072541618394356
-4.236713547286888
-4.390088205317037
-4.22049569568038
-4.184417146313935
-2.5686636047139766
-7.190969351949793
-2.8928687226542573
-2.6404505982187914
-3.427599976886682
-5.970434956368677
-5.013791590625421
-2.767653856823838
-3.2189283433388933
-2.918140667199466
-2.7999079429171987
-2.834387944400932
-3.995144190256175
-7.049688820687437
-3.244198044577614
-2.6879587772109845
-2.0379143471835817
-4.237580726311851
-2.1363404763477547
-2.160820400922873
-1.8748872019343548
-1.5748776545195495
-3.982450296000889
-1.6764907603853674
-1.5721564277758224
-2.7834941973934586
-4.54391021042752
-3.3533485661939086
-3.020539721098419
-4.867645120823756
-4.614916920602321
-2.1245276430969433
-4.375200462155663
-5.860501726103329
-1.5991543056008704
-4.552262071919317
-7.0296669849716045
-4.927061842468567
-3.1126728896095086
-2.0416808186142408
-13.245707920573647
-3.373486967136308
-4.296902124299977
-6.634986500823248
-4.325607621281408
-3.4439096604933335
-6.107937180732687
-3.0726904419201095
-3.8689079217898357
-3.024728976751992
-3.0981843163271767
-6.655304439273351
-6.824396793100983
-6.575342322956151
-6.553323288414007
-2.785102167623932
-2.4642459728941315
-2.3823817391234146
-2.868241109111969
-4.640009138172185
-2.307835778497159
-2.007625046319019
-3.117602664059494
-1.7308839540289118
-2.6467392131998206
-2.1420174878525238
-1.6773241437835014
-1.7165717343383815
-5.388466276373094
-1.791091488697876
-1.8254315319322045
-1.9724281558996695
-2.690911284699415
-6.912471681345255
-7.007491695305333
-3.020390105785179
-2.6167790612994386
-6.9291374814473095
-6.794831601550185
-7.375234543173882
-6.957066332319752
-7.159848707230761
-5.715239392979072
-4.547786798138171
-7.233273264723522
-6.962764017413683
-7.121916976505891
-7.234344311580683
-6.823813824880249
-7.13979467036389
-2.9743791126391548
-7.1394719679094845
-7.068717631166803
-6.32992489886284
-7.223383791128173
-2.086827389525251
-2.210534753395864
-2.7621577281914655
-2.1129906197792554
-2.511831977073725
-2.7449081544770553
-2.0086129450202
-3.8542119420611596
-2.6995516889728624
-2.712164372427388
-2.658449909823016
-2.0972873303840567
-2.6293036738553415
-3.9549628559382
-2.7034644398676866
-2.5556785032587728
-2.686472423685715
-2.0205745260876937
-2.7753275083949154
-3.5395153651684534
-7.205748833548278
-6.8380324485953885
-6.66783751090368
-2.9822885587463785
-7.186257293411217
-7.348033796304215
-2.9159854802253333
-7.271779535831885
-7.295171125194215
-7.352979671105744
-4.873667740323268
-2.827253398640081
-6.993708625693493
-6.103381377467887
-6.427377052882689
-4.0215187530145045
-7.640134538607671
-3.2390234461153566
-7.332042222191271
-7.442458119438963
-2.16886880177135
-2.613392328010871
-2.0702762765654668
-2.9287968702297658
-2.266117922024182
-2.575947280263528
-2.506748029679679
-2.9321521772301455
-2.2550312382131805
-2.188537967722862
-2.874045067178086
-2.2294293280945445
-2.3599780656322844
-2.4780745875071735
-2.224627839993066
-2.743641063254948
-2.134285856703918
-2.7782452668839466
-2.7781998858756056
-2.740905413911991
-7.1693459343276915
-7.092283322618035
-6.0880140022542335
-7.249631561797114
-7.281264889357611
-7.293064373185241
-7.391134354130676
-7.2136832189088045
-7.65858749273916
-3.1589901956673727
-7.4066480067304
-3.8270886149586496
-7.379576231086005
-2.7787613957282167
-3.225959407990181
-7.4081063640664055
-7.198758460766324
-7.2303833278951535
-3.7976023460713515
-3.5439855544045584
-2.1627610360309495
-2.0859397808102265
-3.6123046558909104
-2.8941667540216183
-2.983964689465239
-2.6896948677661534
-2.307785688528792
-1.6279022345313174
-2.5229022266088696
-1.9963335103460929
-2.904965588351713
-2.092802736656118
-2.665138707763824
-3.6093997200479095
-2.541731893181801
-5.2900074244209865
-1.895333593200892
-2.028077101881304
-2.2485983615688347
-1.9353528948767744
-2.0946004673360537
-7.341641881457222
-7.329103272770997
-6.928071078126009
-6.64744388381392
-6.550186465242259
-6.388651828771459
-4.896297658953197
-6.561655037650919
-7.022283140012761
-6.747146181480338
-3.0317587004750983
-6.992655987774647
-7.356016205317033
-4.830141405253984
-6.789168807446957
-3.77943845633231
-6.498051609426735
-6.9198506069583825
-2.732526606436197
-2.582168259118683
-3.2732410769240636
-3.167662111614522
-1.9344847312861422
-2.509402720820159
-1.9706024796844783
-1.8815967776427687
-3.5271068592822816
-1.964803422194597
-4.062377973668899
-2.570201478935777
-2.00319400794059
-2.698091551816091
-2.0204978861318272
-4.873650179887191
-2.1710396424407783
-2.1983364237925676
-3.0656970729983106
-2.5147751469413464
-2.1294777028796563
-2.178564891540131
-1.9887243693359191
-2.4176205352749687
-2.5867156473367157
-2.4341859489385986
-2.384231365355977
-6.976153351584122
-2.8709068481530986
-3.619124895141771
-3.065823802142095
-2.770682394832372
-3.0102571310258197
-2.5949302853128526
-4.098782743935782
-2.3364179573619435
-2.755533276792617
-4.448708136017123
-2.259701967803451
-2.9524176824188344
-2.5381007589579925
-3.175706273461382
-2.13627060234733
-2.1743929152333483
-2.4493017472370218
-3.449396092837677
-3.0986950288644652
-2.5667437028152236
-2.680138616677373
-2.967723318746314
-2.5838890321881847
-2.586490281612303
-2.5239230705052615
-4.165968472470842
-3.093710784800352
-2.6031414465134377
-3.06779759010176
-2.259186263807118
-2.4816550045274197
-2.133764434121549
-2.0739559429802865
-3.8559092268490542
-2.096877357515818
-2.1855957250480893
-2.5784374905607343
-2.865308174838625
-8.181715420571468
-2.8618983391926918
-6.746147051164882
-2.521910723147915
-2.6473486910307145
-7.174501091177267
-2.8333089741735438
-2.405307624291009
-2.3853729308880887
-2.731412815277772
-2.5284665925136487
-2.4435184857416896
-2.286216664861268
-2.589029550792028
-7.1805807520809255
-2.254732003256445
-2.0268616312363523
-2.4742697328266985
-3.453892954167597
-2.7783458667354024
-2.1787950198004618
-2.3780693978210907
-3.677584800248343
-2.0658302687543113
-2.1541191115745644
-1.6936174732788165
-1.7330861662856012
-2.5235588666337203
-1.276446006975446
-1.2892616866740099
-1.2644989273529497
-1.0087055215140168
-1.3563415542126926
-2.2484714549724014
-1.3407380324055747
-1.1025145088204478
-2.2755805345705413
-1.602353937479358
-2.1644423171393568
-2.504244002120571
-6.546659267037486
-6.150545960232968
-6.64867972323283
-4.062607611419012
-4.371757480532939
-2.1775140502350987
-1.7654261152598418
-1.4373075438762715
-2.4628497866277312
-2.9443064456867685
-6.159453351541732
-1.88562098648337
-1.5019358777817506
-6.4151661712937065
-3.27062396169578
-3.1138639219412574
-2.554832571098581
-2.6159295250574752
-4.369863531300799
-1.2583549643221024
-0.8096307601723829
-4.94067459692061
-1.916944214279763
-3.4510312355427706
-2.8232853063984438
-2.9460368200689544
-2.7983812230962037
-2.863550875232242
-1.791986397087884
-1.732419370594747
-1.3329681883907583
-3.6472765581427775
-2.1951555086119727
-3.07901108394998
-1.5673221887738151
-3.4948337501191205
-1.3414210172854355
-1.478430913521596
-1.1544657776150857
-5.547270016725484
-2.6976315752143645
-1.7283265347943342
-1.3015102306172908
-4.295011571044103
-1.8686063205736345
-3.9817503659163314
-3.7251972088392353
-1.8777509862969946
-3.569697476321356
-4.106236037584951
-2.200672472385689
-2.3816043894160526
-4.963897759006672
-2.7088856163230957
-1.8449398742789982
-3.1197902683392167
-1.4414305450003595
-1.6112604292010295
-1.521908724412322
-3.435639668465279
-3.083112778659287
-2.717583383968723
-2.9472552960365226
-2.9344833788530273
-2.4995307182396425
-4.506913290630408
-2.0775083833032624
-1.9170731712238234
-2.928141084445641
-2.4966549148298793
-1.6666900797983035
-3.199122418789191
-3.651744501320336
-4.125313320264222
-1.7564921431845677
-3.5132035248950535
-1.9683246471260967
-1.7436651822626597
-4.084427366332461
-1.979843739968258
-3.068870737340923
-4.774483936337752
-1.8732617063994224
-5.354706736373401
-6.4780062802378096
-6.032979294875636
-6.438198264617786
-4.999048960820462
-3.890579407297226
-1.4973387723821219
-6.077191679731013
-6.058252563490532
-4.669465640135418
-5.372265423189233
-2.794643260202988
-3.303755446398009
-1.658066605451829
-1.6501251500863587
-2.329497480624664
-2.7886742000558113
-0.4638498076777897
-2.582678021955614
-1.9252558205382297
-5.485548074265942
-1.7511137428687256
-4.720796831961721
-4.251952927912898
-3.225072632426395
-3.0625075482344246
-5.640415290730696
-3.344500437383229
-2.0929702130916197
-0.6884684496085789
-1.9832228032449895
-3.076581644530717
-2.9831883204548295
-1.319110515074147
-1.571043063813512
-1.4152113495158662
-1.7628153760967171
-3.344298490113888
-0.6581793151851745
-0.6054053484402429
-5.342247118518066
-4.890217828670517
-3.009965480623767
-2.089047782769427
-1.3558850307866623
-5.0086265952171125
-8.01592932392657
-3.0907247809333076
-0.15205010201969138
-2.1173069171477117
-2.043895999315508
-3.4928897973032043
-1.806119598438964
-3.447461557203903
-2.5657694760182275
-3.250647215314829
-3.115733205717679
-4.257186499549698
0.15859055585693627
-1.3946715462136379
-0.6092461994340007
-1.4309573999264606
0.08872882859874576
0.24941714679077243
-1.3352435525062791
-4.090814428152827
-25.953186488028933
-3.042755883325514
-4.187801085078467
-2.829874055496104
-3.0591501842401927
-4.3161013768812
-3.0208520160342243
-3.389220145931467
-2.869074014196794
-3.528378742691751
-3.2654593462795027
-3.524763455841691
-3.527135024834424
-4.198273900125797
-3.260095703305054
-4.133389552386477
-4.27620425433914
-4.451900389145438
-3.403045065484941
-4.151620751571533
-3.081917364507914
-4.020229360275593
-4.198850340678044
-3.8529221809587093
-2.910193895960848
-2.776511749318492
-2.96318274091867
-3.2072937022894625
-3.742092871549849
-2.795487203900393
-3.1576111893542103
-3.6118945661025728
-3.120609857199714
-3.7471519712029626
-3.883955845302591
-3.3897422909994286
-3.1589132886603473
-3.1825037599578505
-3.1483620904919998
-3.7285420755905396
-2.8386331901028745
-3.480668782296901
-4.094946653287236
-4.481505654886986
-3.3227277538751583
-3.270422352533788
-2.8771443758116444
-3.3337435742821535
-3.285843456748561
-2.9544076887598902
-4.291501817299675
-3.4562481598195927
-3.270453214066103
-3.4910737216069063
-3.4748096504528068
-4.1966314043346795
-4.335554638337344
-3.2673133223143744
-3.273134394989661
-3.450873857853313
-3.416073761153344
-3.3247002168887576
-4.086031007002418
-3.0224060353798166
-4.159143318163233
-2.8843167751599115
-3.5531108410495045
-3.0477147490524987
-4.232950103638695
-3.3188350846475623
-2.9828834938543562
-3.284617963160076
-4.38820768163167
-3.693265366199117
-4.537237407477573
-4.35110128175281
-3.3610692582440906
-4.533023656398677
-3.589534048932292
-3.563754953489952
-3.5107990809014664
-3.645734948476777
-3.409384135503321
-3.058531949952245
-3.499593907767907
-3.1102399015209343
-3.558515014814832
-4.535188440212358
-3.071961988368382
-2.971233656759683
-3.5460473715110385
-3.3329625707392885
-3.5228452797451393
-3.2850621092331913
-2.931421431457625
-3.375615754234914
-3.4955171225853268
-3.4276837283335637
-3.29892033945645
-3.576218106806278
-3.5672203382762775
-3.484004438794527
-3.5367570775020862
-3.6525576059383638
-4.467508187215776
-3.5867874080439424
-2.948331550776336
-3.328808406387769
-4.307413396937774
-3.589069746941328
-3.446075655646623
-4.356021154124909
-3.3542140171304338
-2.561552710057546
-2.6875796193139028
-3.8822158268212044
-3.203515783350293
-3.8483037450940687
-2.803651547178008
-3.306890727208927
-3.2656652187127624
-2.945059873693312
-4.18478088854067
-4.01733300664959
-4.523291702107839
-2.8741577563987413
-3.3082588471894443
-3.2580025493943436
-3.7449215825796123
-4.189428389186662
-4.051306180414432
-3.4498080063754055
-3.8090313311045354
-2.311473295360802
-2.9785506214456037
-3.5325945169882207
-3.5333049608053058
-3.412535779326533
-1.9026251368355007
-3.478443095642295
-1.2188924005913244
-3.0386499770035345
-3.116414677170106
-1.2591230960031976
-2.3462991203616044
-2.0094778136541143
-2.264451253636431
-2.4171808286060914
-2.417111246169468
-3.6855372549208525
-2.074208742055729
-1.663709663807571
-1.930482473005227
-2.4405117023034624
-2.8697381248118696
-2.003718952862859
-1.1905821566104027
-1.1492974550096913
-1.5975630532397591
-2.829704598941528
-3.7909941899737696
-1.9445446438134346
-2.1089641124177714
-1.942938592703082
-1.8306151155966037
-3.829719410379264
-1.9682453996075373
-1.4718417828413652
-1.6545797409183973
-1.9913156283861433
-2.245339104718685
-3.463940931205016
-2.940763576244567
-1.8840203924880692
-2.080956392033025
-3.628855817915872
-2.9968442581699533
-3.7917657247626533
-1.9597288371215869
-2.2852468574711455
-1.6677835160847745
-2.7413503607651215
-3.0751157764761374
-3.8899035783981306
-2.232888213340192
-1.9131396121450992
-4.055700984980912
-4.302359279654296
-2.392388064737745
-2.1647301749860235
-3.496861429263528
-2.226698680689559
-2.0869596430330226
-3.1264860941836012
-1.6111239350556108
-1.887085603493575
-4.2264157708957795
-2.5369168140571565
-2.526646773125976
-1.949638560885563
-2.1369260137019044
-1.1491680210909503
-2.100843043356046
-2.8172727607137857
-4.063280755383895
-2.422964997236927
-2.8067509147648995
-1.412992308426493
-2.26570381150581
-2.0577762406853326
-2.301368561204831
-2.352486049035255
-4.028953160139267
-4.408493815395362
-2.5382846843438864
-1.8908672852391977
-1.467324726947274
-1.9046661006330183
-2.206598869139947
-1.58115779096509
-2.702955327843939
-2.4021428462943657
-1.2736143208385116
-1.974049728868216
-2.405287315881812
-1.0970530469060582
-2.603458859059028
-2.0581633495253806
-2.807589505094959
-4.236104227476444
-2.023142415555194
-2.422061346812795
-1.324735019422449
-2.834012748586636
-2.345468292893841
-2.4676605610990268
-2.1027920019757005
-3.3706136421250825
-1.8813974919342429
-4.28217511188177
-1.7761927692598334
-1.401496926430923
-2.177776928798605
-2.0683682354682427
-1.9667292111124843
-3.197460662736248
-1.5527446137918157
-1.6687964785410219
-2.7977200090494
-4.175029818719253
-1.8040973890299623
-4.169790809729449
-4.295036278308679
-2.2493719913021963
-1.7045856911453119
-4.311390517311948
-3.456853023880473
-1.5630226718156266
-4.347778324961039
-1.4619255973271423
-1.8160306860500317
-2.0530681258281698
-2.6252294713382907
-2.0889080457581812
-2.1519916893878612
-4.064454972861335
-2.126210632495884
-2.131792744573824
-2.2539114724354192
-2.0867709491973105
-2.2225756318029006
-1.6913463877669235
-2.884052638500929
-2.4562649555876837
-2.065222146529705
-1.617136940668646
-1.8818577351402497
-3.4943393379338072
-2.2263075430312522
-1.389108047985392
-2.155305477266509
-3.9712215083657436
-2.3605580788639697
-3.4239983960060996
-2.4602125647068034
-4.124806061420276
-2.043773292560363
-3.832187305367242
-4.417558198203647
-4.0898114055686925
-4.0833367124181255
-1.828924144805875
-4.076899654828634
-4.436155241375166
-3.341572668037997
-2.8909953061792395
-3.1021421273152034
-1.8226815962018448
-2.164373439268517
-3.3068113748095938
-2.3987638831002003
-2.1170986850564373
-4.070069222307142
-2.577361341685988
-4.198364656368893
-4.294509780839703
-2.5411867597390256
-1.5807850125683482
-1.7102487387735563
-3.985564184127377
-1.9440293414210905
-3.8519350154418497
-4.16860315615622
-4.2872696223569395
-3.928314894121762
-2.1046078097478818
-3.750126472664997
-4.318087896703275
-2.739938243824369
-4.065126332054537
-3.507746979207113
-2.8576273400168875
-4.280628566779817
-2.35765328939259
-2.0113913505735512
-2.004363020704983
-3.5029786607343696
-1.8458096473707517
-1.9876715771779423
-2.7630687010773283
-4.357581855180866
-4.09303850323959
-2.6857523360519364
-4.235144654148572
-3.4551122205268294
-2.135126988811731
-2.422372874538881
-1.531571167123818
-2.046744594192754
-2.099580858297024
-1.9836058428902184
-1.8012040921983614
-3.026704160730046
-2.1393067342136067
-3.960995869624119
-1.6584315417471007
-2.4854731596540667
-2.420182563723997
-1.9557078839447346
-1.8932836902655763
-3.897104635193327
-7.190983553646132
-18.729981819880194
-9.239724694994278
-7.5614279612439335
-15.83574455556522
-6.533229938703279
-2.9928030142278073
-4.184490165516115
-3.172231118855921
-4.109799886057775
-2.8359365697801113
-5.376906179452933
-3.7525492837945134
-5.119706766325555
-2.7528313547136856
-4.064333749368634
-3.5639418895950827
-4.2475770099833605
-4.53495282843833
-3.203557482612006
-4.472883870517991
-6.628235569905837
-8.83551637726251
-5.307817430531607
-4.741284165467449
-4.613240409162517
-6.987499660134317
-4.529974654418728
-5.15211921801418
-4.019953170713037
-3.7771651105054986
-3.8666235341535278
-2.569989801780629
-3.5592140497708047
-3.1206981845193833
-3.4588910987880075
-2.6018270459336525
-2.7111390441302223
-2.477683590739343
-2.1313530588677745
-2.67411928834673
-2.6947593804802743
-3.52307159553775
-3.3091241847947233
-3.4364638145063062
-3.5838804482119153
-4.343810182169702
-3.4093076775800437
-3.874708063762017
-5.667006684079145
-4.2187992940697185
-4.569545250623175
-2.603713322739426
-4.813133253210188
-5.363220247462392
-4.484694996710245
-3.5493563486703965
-3.599139117775485
-3.711299777681628
-3.3063568998525525
-2.59731692648555
-4.021039916277553
-4.910924460850657
-3.333321534750982
-4.130096107879654
-3.24208866877047
-2.460445822389796
-2.6574262762706864
-2.798160028392449
-2.4450479416151825
-2.2385276075421534
-3.624673593064151
-2.614092011710629
-2.704406102274235
-2.49605123204055
-1.1047331706839616
-2.2471363292752473
-1.6156638321056964
-2.6159914513762708
-2.266708533784998
-1.1270701299154495
-1.6739118458998088
-1.8580598754907642
-2.5745273217738904
-1.706732582094119
-1.806797714165103
-2.2982487043409323
-1.582374181417125
-1.8529914652705182
-2.255583880792063
-1.7636901910356244
-3.5382603752706965
-1.3017294829947237
-2.5858526267713966
-2.0774078713537483
-1.1408283745270809
-1.5294133666148402
-1.0337191370340666
-1.6005097936453927
-2.7294599939398463
-1.9394055873012803
-1.6036624725254556
-2.0093530168579123
-1.7082830447172748
-1.5517350450182963
-2.5507154219616206
-1.916300680444886
-1.9134576698336752
-1.2372247920528354
-1.3505317175444214
-1.2704416975858621
-1.5889775133629622
-1.8354393115138339
-1.1740293167065818
-1.9082865964962803
-3.17077086083785
-0.9732389545732513
-2.065554973477498
-2.3923152756011126
-2.137852263055742
-2.387000201367929
-1.7111734931878755
-0.8761455359005708
-1.1151173308826978
-2.49679809709452
-1.496748343061656
-1.3925106246542776
-2.007005657520145
-1.241678351874772
-3.0686102873204906
-2.5792922875508655
-2.5738844585642218
-1.5089103202990566
-3.327358670058351
-1.5174818670315038
-1.2887569012204187
-3.318351560537394
-3.0485155311829115
-2.0785074495493103
-1.2216435135702304
-1.440651543331951
-1.9132567410711205
-1.3415309215585403
-2.3680928748929873
-0.8060239096279255
-0.7079787891876951
-2.671965711445861
-1.7052952091147493
-2.788693069712566
-2.1054080572581557
-1.9054369728080924
-2.9766650265647727
-1.6899667053564158
-2.678052083661157
-3.0899663622614444
-2.3491609021381805
-1.7753582033951938
-1.6790456463235128
-1.5437525571410828
-2.615977870991534
-2.534668338881806
-2.83084645156873
-2.9960875433354346
-2.2759138727436445
-2.267691161567969
-2.795400299134977
-2.4497115543168033
-2.430702903720859
-2.8081551314157744
-1.8399104772582642
-1.6467014051924131
-2.745818419283254
-1.5671860354528766
-2.3641085811685763
-2.030302001068991
-1.851288591151438
-3.5156032036190563
-2.0585966983679675
-1.7435128263700745
-4.433263776803702
-1.3633697285288946
-1.700060178505879
-1.7163338080356667
-1.750631284127558
-1.7637252865703779
-2.3679497084294745
-1.649667842616068
-2.462106366139526
-2.3180380404359497
-3.094991345714807
-3.1283857761354485
-2.0378966420150064
-2.4967354483809325
-2.18936791383475
-1.8784485947526988
-2.526262948327389
-2.2487022403551604
-2.9575819771499368
-2.7872876705620433
-1.9984974014280996
-2.079294281832874
-2.5832144635443868
-1.9331872646138073
-1.5639848053759597
-1.6160515796182042
-1.4917368718236679
-1.3528810056100302
-1.3510502585323991
-1.283613411449517
-1.80527202145693
-2.8923475285886493
-1.6760330249213917
-1.5674441165787452
-3.314024541688461
-3.1480510444734255
-1.3741914428348352
-1.5724946268908675
-3.895911050689098
-3.408371293056755
-3.570817988915213
-1.7155126577764763
-1.7877009520897014
-3.00975768888928
-1.1761281434319268
-1.628624924498923
-1.7941268379754982
-1.1248137991869187
-1.09407141190007
-1.5101769816235937
-1.7070329429538273
-3.072122728399933
-1.5259542141146953
-3.272566147340461
-2.932059112152703
-2.624503675197484
-1.83494184689286
-2.8419006121723607
-2.3236993492419504
-0.9191468249047172
-1.0103618967421342
-1.6188240089118469
-2.5120009168889372
-1.3375772527828824
-1.7248892289660875
-1.6647009747941048
-1.0807594497278328
-1.1114640606629382
-1.5905804783267308
-1.3310891962187996
-2.3946024335545184
-1.5647746768830517
-2.8345040190506268
-1.3128445631501569
-1.2172011557351798
-1.164677738175496
-1.2496006220191118
-0.8957850097225383
-0.9959133057488755
-0.8860164701323954
-1.2556349143143748
-1.0875117526706326
-1.9047355492922184
-1.147207817252103
-1.312830876920994
-1.0617330285664648
-3.195432063663531
-1.3586457198401924
-1.6942900240945962
-1.1758319039233032
-1.7811534581066448
-1.5954532941250763
-1.15046802902656
-0.9125747105895242
-1.2167511413302268
-2.1119749209837355
-1.4065448106999208
-1.8425337132215494
-1.9235632297644987
-2.2445919304673265
-1.5563397093750537
-0.9342496903006211
-0.9480169643536198
-0.9903534614745699
-1.1083878000117848
-1.4548931410666548
-0.8934060071942709
-1.00252586365569
-0.750452995372314
-2.676876126062438
-1.1556538785675876
-1.327934291062876
-1.3803727221513769
-1.6041549643743795
-2.9523744528101123
-0.7436647780461534
-1.2685459407276176
-1.0681417750467839
-1.0486790856899058
-1.1564773197220997
-1.9878078445810825
-3.1498129438807556
-1.866455244532787
-1.1480035913735636
-1.4203013599468397
-1.0636997150871905
-1.2442435503856566
-1.0381101913762616
-1.1572535219968598
-1.1734397584861143
-1.0005729879817624
-1.0270585616255816
-2.415795852265634
-1.5532948086988176
-2.882086733418208
-1.6992934807296842
-2.447938874036696
-1.4983322779294093
-0.6222157345314812
-1.016892731667188
-2.441942796073233
-1.0547308217057358
-1.6276951142779224
-3.0183705833237617
-2.252736533484113
-1.0251905208433345
-1.443784756921854
-2.8285339052664717
-1.8177373173764622
-0.9687868184205146
-1.6818811426789804
-0.9656005125908822
-1.4196902358010424
-2.6988602023938038
-1.2501242930268237
-1.7375988082786427
-1.1861143411702142
-3.1431054808950685
-1.8664605560551104
-2.43909649729108
-1.948832055147115
-1.2060605692702047
-2.1843441061706628
-1.0956033213660128
-1.3040448118188255
-1.4700002213586132
-1.397203101048245
-1.2871111019067474
-0.9802471302114424
-1.279748423600725
-1.648256697057437
-1.4314431100481493
-1.7577617911708874
-1.5716067133620388
-1.3845229129170362
-1.3867771798142567
-1.1233639192869893
-1.3682894594489299
-2.4526248914410056
-2.6240248696164565
-2.955349923647165
-1.1482955733028541
-1.103901448220633
-2.8955469486614085
-1.3005008192409293
-1.3951421339505676
-2.6352137339406956
-1.321856803075098
-1.3531483265416062
-1.2528339705541733
-1.3932081288850584
-1.4865236394616472
-1.5281967838754271
-2.698723871057231
-1.910744069214597
-2.295768508156761
-2.0273318009376524
-2.934208830409992
-2.9285361842637236
-2.1215891171190884
-1.2454338249986359
-3.038993832595024
-1.93043808750001
-1.4293582468282724
-1.437466729868203
-1.7073495530821379
-1.6147039385847748
-1.8349595978104798
-1.3650072626744691
-1.9026547833743215
-1.9029695850902528
-2.9121310473748787
-1.6209309432835648
-1.6211321247071027
-3.3433944217792373
-1.8487655988565357
-2.8593689031520264
-1.9710761232003575
-1.7925278571924836
-2.659062692207593
-2.502733212397742
-2.1909831028729685
-1.7284269369778555
-2.893661609194551
-2.7632486068246305
-3.373929045895113
-3.041813024199258
-2.726144504912819
-1.6216665577727059
-2.757453779141728
-1.397681388227269
-1.890931286829215
-3.023273901839428
-3.2261743663155174
-2.3054146458525215
-1.4301953842472277
-2.0628148836003017
-3.0321905799132445
-1.4931251049153502
-1.3654886178903114
-1.8846198854446412
-1.2917919223327194
-2.326519194577046
-2.922445930987596
-1.64566448771333
-1.3390768354125329
-1.3614869386063266
-2.601230282357137
-1.8605189679606515
-1.4404270430300385
-2.559417442249755
-2.920093158156298
-2.9518792526560547
-3.4723483024556194
-1.965975017810241
-4.178805612575884
-2.195679457496233
-3.0099853316346823
-2.89136892775508
-3.424748464620359
-1.608159530240421
-2.9579719480741775
-2.092814198475954
-2.17459924659878
-2.9854338736565182
-2.1121184095746535
-1.3829939864327498
-1.5806107731598096
-3.191307983222109
-2.9060818023098007
-3.008495657046638
-1.1886651229162237
-3.392540367986388
-1.3736400814503436
-2.4322694486069203
-3.503269622321863
-2.985166277781748
-3.1081750797846683
-1.4484616614965127
-1.777520182600245
-2.884940525023268
-1.6142540202879645
-2.8011559066598597
-1.827599128384762
-1.8738199784457672
-1.8798115595827478
-1.5797631734251443
-2.399333828634892
-1.8344339878164813
-1.2136736164397264
-1.8078854198760066
-3.0642806987278175
-1.6863027095564949
-2.4683692637768875
-2.9108246705681076
-1.7473464138787245
-2.9037208418194207
-1.2435418113737076
-1.1599672416051212
-1.153984698880464
-1.401612362487865
-2.788742968563613
-3.1849964584279813
-1.2140555847690733
-3.183240078464771
-3.3494292486179607
-1.0844761538685634
-2.3644667047411216
-1.6787133171024444
-1.1261048235284754
-3.0895168040047087
-3.115637053530662
-3.2239762345626954
-2.662798663018272
-2.9127502602010322
-1.7497016460960728
-2.037064215369522
-1.6879454250186676
-2.4952201344662646
-1.3947920399888543
-1.7626901798490435
-2.4822714270688593
-2.032954974337789
-2.4390242770235826
-2.9567849585302177
-1.8855495292910667
-1.9371851778570561
-3.4794363507125534
-2.1380707251007376
-1.0953784844925036
-2.2032617386169737
-3.0462877467802425
-1.0872383355800992
-1.692245678249746
-1.0679846169097955
-2.815277834700421
-1.4890557708634666
-1.203333114638615
-2.0670722797742744
-2.602285741832726
-2.77820650889973
-1.4650097815577574
-3.119199425108108
-1.8885272597614675
-2.128057316387695
-1.2686218952666972
-2.3035818614040795
-2.5271948740153283
-2.6878655716752036
-2.7925697736473167
-2.289259834247954
-3.0559971863217643
-2.8076607685716186
-1.0855458873609716
-2.7505495569109915
-2.817539459131039
-2.8149434907392936
-1.6428338577570407
-1.1584776770280039
-2.854255585705862
-1.440024198275991
-3.4939261606646066
-1.6917625106448955
-1.6126737335614556
-2.057798570996769
-1.2956448721351732
-1.234382728548098
-2.543573342735567
-3.5165585712402416
-1.0810075439686586
-1.647507679080591
-3.6124571914759804
-3.145849032705649
-1.4670941372389574
-3.5971268472652875
