1.2721937827178427
-6.754683647845255
-57.41804885662781
-35.775750866843914
-28.97117690279051
-45.59500104212389
-22.785762326403145
-17.712896615456792
-23.78343870251501
-11.670870619789392
-36.73370921352067
-14.012296225477012
-14.675909521734344
-16.31526633267415
-8.814961394731574
-7.61652601118759
-59.69147643703605
-36.469334697415434
-5.927902459088093
-11.463286223649552
-11.451504889197029
-10.647459000774967
-5.6133384659633725
-5.472341006544732
-9.125616685824388
-10.849526134930551
-1.0747947965636475
-6.979247317124471
-3.7089873240163236
-44.736437391656445
-40.85085249938194
-10.387819206900655
-3.5283607923320157
-4.246879941854626
-0.7713957998780541
4.696524926578842
-7.238684308857195
-3.2617110857240217
-37.848362154402935
-13.455620734385343
-4.00937395194856
-29.728564138599687
-0.7899420378667158
-31.067244860977247
-4.827562891231265
-17.11358161273248
-13.15782400462901
-5.008410223921761
-6.679204282006795
-14.986226310912519
-69.06043569485968
-12.721482932383193
-1.2166801826879385
-1.372018381506827
-5.67061648792836
2.4344407768510323
0.06700888125474402
-22.89131847373473
-21.920765092807592
-1.7144928185807873
2.2522601672733824
-162.18170090313447
-152.32752105921963
-5.122935903959674
-3.96882887597258
-5.515212538253945
-11.742741181200058
-6.360818956467788
-24.84603898504562
-25.46535135324602
-8.288753149421265
-7.027269302105994
-19.260176314207726
-18.761795794857054
-3.8260104719937456
-24.28416239730968
2.1212784116535137
-22.23273285997659
-3.1238582511457285
-3.9445757023747974
-6.381948275666994
-4.303342642749659
-13.264561481422952
-6.770299405260014
-24.897057844529552
-17.37430123443926
-144.91345300926386
-4.927886763927528
-18.529579763685987
-22.061339892820452
-4.8741505430020995
-21.80901557134682
-12.919142556807804
-27.8647799636703
-3.420128014699247
-9.378309622407421
-10.874976395295318
-6.255363599227742
-7.862909942329518
-19.91672087343223
-66.8753584534016
-69.85910583547358
-137.15283022949527
-15.369848912963024
-9.925577797955523
-15.073472252929582
-11.879467507973626
-12.596201547378055
-11.437262823779756
-11.122598217428976
-11.183868689251444
-13.013742282992851
-142.3683946139251
-140.3932106561918
-143.1049439240496
-4.204086947311957
-3.289671098367624
-4.1349240959640605
-3.5669691894389692
-143.77012946006715
-2.4468921896033757
-5.794700679298644
-150.0314711780213
-4.67700305430405
-2.673528577146586
-5.838775165326894
-3.743069528256543
-2.173131927605097
-2.5810992005441045
-2.525518708740675
-131.9632563144183
-1.6266944181692493
-1.7431292769964783
-2.1422183475339187
-4.918898389150077
-3.4803427219279106
-2.468917624374233
-2.559362982985873
-2.745102084116392
-2.4641312822724397
-1.7486007275851454
-2.6265102858670692
-2.7429527258022355
-2.7252343525545033
-3.931752815671267
-4.318141075179604
-6.036691301070156
-3.4633956566614406
-161.18566668908096
-1.4927761605413017
-1.0769189029242858
-1.1084806114869825
-1.188163326082752
-1.173121147348854
-1.4483261918344836
-3.9634164422751232
-1.2803434154024949
-164.6860924305981
-1.6789951169826094
-165.04426990521048
-164.9547474999075
-5.72616402113562
-2.3053308612989905
-164.8386001053798
-165.66697598158328
-2.1563319663908347
-165.37839638181765
-2.865205063176035
-8.940933826883631
-3.0020517522407055
-2.8218972804633276
-2.84118360260129
-2.7349846461378045
-165.23884196947296
-1.8638860037165415
-1.9705828410995498
-2.9407663288228214
-2.083733798615013
-2.2202648575883366
-2.6620700098890833
-2.408675094105302
-2.8340914281525986
-3.2770005949207883
-2.0050899344024553
-165.08464176817105
-1.6097056385899626
-1.6767045864208294
-1.652899625424297
-4.876059077190858
-1.618016213689001
-165.8643588599162
-1.6606033121999386
-165.71424482302737
-1.3232124002954633
-165.32676420389245
-1.7656867832429701
-1.5948612330288983
-1.6296905108727513
-1.878874146156015
-1.6360807775234205
-1.5733656200934227
-1.7561330450667718
-7.769915963652857
-1.7662722232211399
-1.6086063992076907
-165.24699197202705
-166.01210817372564
-1.6934355457002939
-164.37393549565704
-1.5860759574308363
-1.4925666995526585
-1.5292820450880864
-1.6810294426459955
-1.827521027704081
-165.71367343753005
-3.3671545297546968
-166.20301351199294
-138.2214765637411
-51.29876780625053
-111.86254389905902
-48.19816249331209
-158.86952270630098
-87.11317844857355
-163.19045540291089
-50.33667160233224
-26.21884700209524
-163.37609449976503
-165.55709046417616
-150.90554913296805
-152.28868656823647
-141.34920134230333
-153.7241543741962
-157.9986715924194
-95.89438562757648
-42.65604163266563
0.09137595019303202
-0.6328500813189902
-3.067781936873781
-1.5521032000873225
-2.1311187814755073
-2.8925323453315834
-2.294163776643888
-3.0869973381912965
-2.034064224476613
-1.3103527659773815
-2.800139699808012
-1.4383736187138894
-2.9929119862305615
-1.474327912685541
-1.6707228828626683
-3.488090823917958
-1.717594804581255
-1.0607000779304652
-2.0080295791327956
-2.4592406416032464
-1.5009455414557196
-3.5283828019127252
-2.8200402947689067
-2.010287677296437
-3.2888653986540914
-2.5459972246630747
-2.7768875527692316
-10.549347311009344
-4.421028828153386
-4.230413488967966
-5.63441924307061
-5.705163856917371
-23.872578820621598
-22.681478197363518
-26.145501284639046
-24.478905901192384
-24.619830760460978
-20.880939635261274
-18.79580642687405
-27.225937420964247
-24.759822227693466
-19.063348698309312
-25.737089562389997
-26.206884959445645
-24.229107857470083
-17.741217063157503
-23.080468648357478
-17.89508878792853
-22.16239264997157
-25.57898092154165
-24.574083453517417
-22.633370766590033
-10.268624720276028
-15.694345245096521
-11.248274162210524
-5.187929656131502
-2.914565442472077
-2.2935259564065675
-3.025031800650682
-1.674556489326061
-1.7220508193814499
-2.2253008157559675
-1.8933199825895315
-1.537834508289582
-3.0424788338791906
-2.579098678460346
-3.234791727267828
-5.34336657124696
-1.0733127530738347
-5.777807352622351
1.144522449608274
-3.184368135007717
-4.59836561102296
-1.8383025874220769
-2.04558945730111
-2.43987192229073
-3.8020854424014696
-3.9220992076558363
-1.8597087611739227
-4.417533304791897
-2.2579372296625144
-3.015203733451665
-3.525052856322262
-4.589330140578252
-5.527344497875427
-4.689137735690303
-7.594755018915359
-8.062543256370972
-6.2427146150199695
0.216998229242239
-1.2826467655835039
-1.4797508016959764
-3.4368801036616783
-1.7671560389129446
-2.2192045067610815
-17.949934458544497
-1.4289099571350972
-3.5613974955722982
-4.464094234359974
-4.565601555143791
-124.2587819394655
-2.47427668210119
-1.7483066173965747
-5.214601631926994
-5.623581200854231
-1.7524429378180466
-2.743459794907518
-3.080348392987624
-1.7508360476965716
-3.845088216764852
-3.0632976459413768
-3.207817412281409
-1.559366571860389
-3.4466666783243416
-1.9360471757041933
-1.9484727937181776
-1.7637456800608597
-2.234268720823958
-1.888634653734044
-1.8254360684268174
-1.4625782352508978
-146.89761270188757
-1.4885150252537205
-1.1244593747245748
-1.5590220593698327
-1.664307338301092
-3.1005484402676418
-1.7381760100986174
-2.675957509458688
-3.181596214491874
-2.0185391913211577
-1.9606655886533342
-3.8037292758425094
-1.9852206035821376
-2.20938971832022
-3.797308517520625
-3.4771182006162884
-1.8279088985063132
-3.0648283227951616
-2.215642779186368
-1.9432393927959124
-1.97070083676713
-1.9666043451378745
-3.729734122264508
-2.4833877936316022
-1.4594788502554115
-3.2998322019843984
-2.4378948992459737
-2.096965427503769
-4.313760453477503
-3.7089127632360905
-1.8210194525582084
-3.0008309879420962
-3.683357503332816
-3.6926560506485417
-2.1413271201985546
-3.074579891870416
-2.1029188798821234
-2.4259499319406856
-1.80177204883782
-3.070028863883263
-2.2330073454895354
-4.269578799250226
-2.215135982139036
-3.506358226438984
-2.1660946849702523
-2.126062332455069
-1.9658387545148546
-1.868992048400767
-1.979825746473547
-1.8690132837618405
-156.15271471693288
-2.759302733896918
-2.7675500108441327
-3.452560112388804
-1.7924339714435265
-5.001045803300415
-1.680647801649444
-1.5123843247282012
-3.672506916894887
-3.1264753823032008
-5.014718819539372
-1.6643830512811773
-3.4547284247738657
-1.8098040412322953
-1.9758538971717172
-2.3674131777870175
-1.7961958959400663
-2.075955849481124
-1.5545603154779712
-1.763974610593789
-1.71725376993775
-2.408733310520028
-1.9425914498151589
-1.910719556184795
-1.4704799010480458
-1.7570985310245302
-3.684602930273861
-3.6314585741690064
-3.030504034172901
-2.3031242160660508
-3.717998318038881
-2.059190303092201
-2.399783985422303
-2.5878609527852383
-4.665237114417675
-3.936149375787623
-3.6518978486719247
-4.952959168972447
-2.1423855623664956
-2.146226881898318
-3.9525624930796543
-2.524994845117752
-3.5015454995371407
-3.663815418908373
-2.077569209455203
-2.187545597905915
-1.67973662899124
-1.9342838593075649
-1.885605864219368
-2.7332686950018004
-1.6274649883161008
-1.5734883510804791
-1.9173808094852949
-2.275107753071315
-1.9632507687260699
-2.0875689918750435
-3.0478468921873696
-2.8422638307126835
-4.0483566408200815
-1.879131810224462
-2.502402726445347
-3.8292024547761936
-1.6799932495250036
-4.295358789518476
-2.073482675834868
-3.78133915599063
-2.17365071832699
-2.386269131810714
-2.364295569987345
-3.8784486723989255
-2.745873223969091
-2.4960465984952966
-2.5884575219831136
-2.9775188928588
-2.6307945783305913
-3.243159899685532
-4.075338458154973
-2.895175414660326
-2.621779711532093
-4.759589266208311
-2.5007055555184676
-3.940149620452897
-3.848930152025698
-4.114202536191792
-2.382751828885946
-4.006606130005792
-2.511763238064944
-2.951972849689424
-3.850130271562066
-2.975277128050103
-2.576394796911008
-2.611162100803729
-2.5396806628896553
-2.646432588205986
-3.413631929953273
-4.465149602185312
-3.961320117689669
-4.8598483287598935
-2.5716554232096924
-3.7911506012349068
-2.4667346248614277
-3.9714671577420093
-3.8203334149351993
-2.478201489374664
-2.4657906573781148
-2.6761151310000564
-4.777552585512401
-3.205758919004351
-2.7869145002917692
-2.4374572691724925
-2.4789506013877705
-2.4664191590591016
-4.046620699936524
-2.650682691853494
-3.0373849752147986
-2.9048557038331997
-3.9227267658536613
-2.9412962008242793
-2.4526061216499664
-3.04145180275788
-3.930540041413159
-2.7380021668591876
-2.7370456478173524
-2.566876922296359
-4.284200875020895
-2.4823433221497906
-3.956226335456596
-3.0780858052795117
-2.9196256130822005
-4.022818107850228
-2.7811780883893373
-4.0485284548240426
-3.9844146800152958
-2.2858976723135744
-3.1027512187665964
-3.1910659937746826
-4.348448249912511
-2.6643015633989133
-3.056419187202432
-2.303642868352436
-3.0265088360322023
-2.325288119258359
-2.0098345188007984
-3.1858845902973187
-4.001005787427847
-2.9702946136742843
-3.965508444052191
-2.615453734566767
-5.150652997694289
-3.0256697814874345
-2.607191954096157
-2.7666900658427442
-4.171490623277921
-2.527417354319245
-2.7733200516061265
-2.932998727136602
-2.3362101244311786
-2.5079244952195614
-3.3731551030247178
-4.015431033739201
-2.545112831980613
-2.5331395249428823
-3.27499670569785
-2.917834563742083
-2.392906952242058
-3.095082324724645
-2.477924392478541
-3.6511986944743757
-3.8544608528241504
-2.469909889938932
-3.976118428931263
-3.8957470117813573
-4.233717871693273
-4.063297209731616
-3.0991368222578104
-2.201783700216563
-2.153913907524817
-4.139757860682283
-3.1329991402259734
-1.997539029763392
-2.2923702990257486
-2.371635891346262
-4.2015419694917915
-2.647592985574157
-4.337314281533785
-2.8678953490071004
-2.6508661079145983
-3.2071266369943805
-2.456018917275593
-2.5206340663526214
-2.8998008222257097
-4.057753407852725
-2.593865714759253
-3.4099380322601656
-3.9122122721839703
-3.6967230386969936
-4.174762887205308
-3.0709022520339753
-3.888744138669845
-2.668194434693084
-4.859172832538682
-2.7905020319049543
-3.347523861595739
-3.4742682538479572
-3.477317242912948
-2.4079419409943155
-4.08791285705939
-2.8082199560093355
-2.503887053738658
-2.725513689554607
-3.8490197879169132
-2.465261305628345
-4.070034038533766
-4.711264331623293
-4.9456432248633355
-3.8769308229697237
-2.9444126876890673
-2.3356890531064316
-4.035583983994399
-2.864827540305752
-2.4161556830828417
-3.307289515746137
-2.9836177638241432
-2.7290970821933214
-3.3891032868387803
-2.894602223689981
-3.3198392956480385
-3.967323863604415
-4.251069399469223
-4.499205443274851
-2.661282573518651
-2.652643891533216
-3.736496798169491
-3.660945222608122
-4.662443738443157
-2.7770814358380917
-2.801173507108045
-2.7962185299092264
-2.516500792918108
-2.916798491207883
-2.643200937696424
-2.402136347466457
-2.5620538409749645
-4.214937923551847
-2.5084156654768925
-2.561218828749534
-2.5834593934913492
-2.6829554989058533
-2.396481534047675
-3.265879830207675
-2.4993038433634966
-2.695520667898778
-2.72420985959905
-3.5679987798488404
-3.8517286230462306
-2.231377801027771
-2.5525953578266023
-2.5860077861299144
-4.307445984011515
-2.5529254633262757
-2.6153768291498194
-2.4545036240617444
-3.4969809703808283
-2.6117277286462484
-2.607031728346519
-5.0880332062312705
-2.859734403475496
-3.0689398730775976
-2.518691380980115
-2.4515403485260903
-2.7107475468416995
-2.575178533218801
-2.990672235745936
-4.069123344806331
-4.608378975642222
-3.118672924002014
-2.5096820801726207
-3.951445457470912
-3.7500708337041253
-3.9026535494048145
-4.280049610139802
-3.925619594954577
-2.82410617933236
-2.500010391457007
-4.118635407901062
-8.533785021359101
-3.9281545633617783
-4.376931641432144
-4.194559182521577
-2.750749929830432
-2.2917534387676683
-1.7423909687946235
-3.1804763546983406
-2.5666823229261984
-131.82001820462472
-3.8750066743927674
-3.093120460992678
-4.141446136436112
-3.139846046534676
-2.7968763222880666
-2.8822803148372724
-2.066088253541542
-139.1329694490683
-145.0978534644079
-128.54816283424904
-3.591619526881103
-3.841470412622515
-3.243193450730912
-3.282194445428129
-1.7481227029152224
-3.429412933465093
-146.0401503238445
-137.05698656843896
-2.3569193865389897
-2.0813572925596158
-3.429868757452816
-4.310238677712158
-4.681944086967036
-163.6203257907064
-163.43728597241747
-162.16089058518807
-2.6711917659658937
-4.885755564402789
-161.8552992672884
-3.1916442513981225
-2.0320582540991428
-3.1105628618504855
-3.7933451468360957
-4.207261378285167
-3.017598956844462
-2.255635195600491
-3.0828051571045068
-3.0117616914355496
-3.5358727812636643
-140.33035202808887
-2.969498644181218
-3.9846997174682732
-3.990770898088191
-4.06453918501362
-2.790970374638214
-2.4535486467530325
-3.4673947979509836
-2.843203245654702
-2.830153121795504
-4.11300549111205
-2.4421111521615355
-2.615306929161772
-4.129855475770309
-3.2480965564884245
-4.608206605071826
-4.030863252370932
-2.565250359215465
-3.91835588935204
-2.4359058532168447
-2.662904621764395
-3.949028559096158
-4.203225738198187
-3.0118600499971437
-3.5993240385856486
-3.9969591233314357
-3.107080007441342
-2.52735251778799
-2.469208285484463
-3.0841924952479713
-4.7687359459213905
-2.7435765363791327
-3.7103255217609297
-161.93410412536437
-162.70223698622752
-162.6425031936136
-3.113820710746571
-151.69083704476543
-4.930059370238336
-1.9766534611862139
-1.7823242387883393
-1.5306334692401198
-3.758838827584405
-140.60218913728804
-163.10167639612902
-105.63132521143176
-4.75483967202716
-2.7929067190022514
-1.5004050661996011
-3.611199106530597
-162.56567810263363
-1.5281460637127355
-2.6762944053802653
-1.8606586762480464
-2.504866145592806
-3.770901871512333
-1.8106269563548265
-2.2923734140377503
-2.973269449830056
-2.7262817840967353
-2.598997871821123
-2.5291024617279576
-2.0071298026982696
-3.457591272876285
-1.7914964513344063
-3.046892456562571
-2.8233365567785995
-1.7349096280790413
-2.7718783006016166
-1.9151684993927718
-3.9212325513965145
-2.8257923235570432
-2.1634580219866075
-4.288750944041339
-2.23045897288372
-2.987058885141588
-1.3655054191468925
-4.281232194310058
-1.4673679188253965
-2.251621923208239
-1.2209654522581657
-0.9406102827476968
-1.6240168779827662
-3.502219661996391
-2.8750558443274357
-1.2000452952887868
-1.8450105539150528
-1.7499986483398844
-0.9558135700759789
-1.6457412680766246
-2.572005378616042
-2.9964234117685518
-3.1039498400315635
-2.1973010649352
-2.603387553824734
-1.8771895893234762
-2.205900711891551
-2.109855891238275
-2.720508980040747
-2.4036770463486503
-2.301384784028552
-3.575301162465163
-2.055287422458332
-2.4730699411307753
-3.4651979107130315
-2.3116147241598597
-4.621843709463254
-2.028407307513681
-1.9523634839908564
-1.928346827983233
-2.2810028295976457
-2.434699454039335
-4.650585416326918
-2.852383303786314
-2.0726955237910145
-2.723846100615338
-3.562134505389258
-2.1740506080792583
-3.487992700890325
-2.1810270885303615
-3.5412529993659483
-1.623519564265386
-3.3758073828853665
-3.7405457365121686
-2.875922202005981
-1.8113547325966253
-3.3161357466243224
-3.622406685910497
-2.4679419200935704
-3.77747168459557
-2.2741798033826055
-2.4736784665348632
-2.6859543117365496
-2.509250200695667
-3.013109514129661
-2.2438337166694287
-2.6844634635727855
-3.786646695777155
-2.4896652296951354
-3.9481626193753145
-4.957505515680336
-2.840927170564111
-2.2673381658413785
-4.545640429696069
-4.009035649854068
-2.3532511847664903
-3.3259719403718266
-2.0790219330464783
-2.6370722107235345
-3.5820537513270985
-3.3931760287601507
-3.6101407891145576
-1.9581566364603762
-2.2303246584131036
-2.3014266575953632
-2.4732635881186766
-2.544028906927753
-3.5608092848590265
-2.0231870961133387
-3.5781457289382814
-3.7906403144684955
-3.792694431066513
-2.5109258588372425
-2.5566744882302945
-3.5115833177246754
-1.3033388589719936
-3.0111024115961045
-2.2483209477458157
-2.595971743843209
-2.2402019598389336
-3.3524263520402195
-2.462393706204992
-2.528015120334305
-2.11774734417287
-2.2087453090536115
-2.1565021830033517
-3.7614649968581904
-2.161587218148634
-2.2181684663078456
-3.8243602418582885
-3.57425080406107
-3.3812162778017405
-2.517117683968821
-4.366456309328479
-3.5137386149261145
-4.438822042449069
-3.7592293680943563
-3.201078233886511
-2.8346043841391815
-2.094088179366662
-2.3264765221339987
-6.084262437274679
-2.169643692519517
-2.546219598835334
-2.881540185455233
-3.2578007793774235
-2.1838197890104123
-3.396679756412905
-2.4728734109960504
-2.5433748049835367
-1.8926678655395883
-2.2320920858333535
-2.5058729889597746
-2.7722243942643225
-2.1309222449163614
-2.5208947773004544
-2.1858406284525986
-1.8831669331379235
-3.798953457675872
-2.2220143865750503
-3.473100930343072
-2.1413146001386147
-3.743884308254347
-2.303576992827778
-2.0601069259345524
-2.0502799565056344
-3.7980129629336297
-3.6850479397904126
-2.5568159229320795
-2.304173118305703
-2.578578607371077
-3.896668096572161
-1.9077481631537305
-2.813107390012592
-2.17581535841028
-4.37379939258161
-4.175193072552485
-2.651979007827737
-3.900537383046002
-3.773452651880682
-3.246838814721133
-2.0053176925095406
-3.5189367834106093
-2.310703132071845
-3.7230424028113482
-2.26687038337129
-3.230107558609296
-2.6227091992477267
-2.3066028134214394
-4.150033044386032
-1.9292018559053545
-2.25785494280358
-2.004138811226934
-2.5100406802644337
-2.4604823439009484
-2.241874888667837
-2.4994925091030673
-4.084601612368598
-3.5702185996690123
-3.8324993060932795
-1.7357274309322244
-2.4677951342562805
-4.2506421718938885
-3.6394190904603643
-1.9485118398598087
-3.5755374222652354
-2.105783691744633
-1.682956881737959
-3.6692727228223054
-2.34068804496837
-2.0942348136251505
-3.7629455818136566
-2.3918323629504705
-3.353692333783332
-2.296599592461564
-2.1204768258966507
-2.1834098784594493
-2.5422785052383956
-2.8373977272560182
-2.4668128277026113
-2.3193238919855395
-2.688446670458963
-3.110992345656581
-5.165671414986253
-2.1114262453001005
-2.446490943942841
-3.849911507272473
-3.7284592633831015
-2.6280100008826706
-3.632296846266836
-2.3436949645156675
-2.1886230167578904
-2.1412317839171733
-4.010094521787018
-1.9618396785799408
-32.23015456461469
-3.9259590161765585
-170.0046994818569
-3.1024374628104274
-2.7364085751492544
-3.960648328650744
-1.976759353240329
-2.8289813004477593
-2.680399834338576
-2.702534867141396
-2.571138934787363
-3.7600551126326134
-2.2142929223570973
-2.2632575772162538
-2.1576962356958536
-3.7261688765877263
-2.409598715791479
-3.6087827419961513
-2.120888588294388
-2.5065555648300792
-2.256530854947864
-3.036056465893986
-4.054815903675434
-2.5044778258216907
-2.88166500842385
-2.581756525247049
-2.4435675592894364
-3.315462647502623
-3.5978802429760477
-2.1150628322102127
-1.8807144672690597
-2.3387612522474193
-3.5894016608502723
-3.864355444679656
-3.582108363402386
-3.4881301420082673
-2.5094336409512907
-2.5847938044530636
-2.5945390817628544
-3.8085494908175135
-2.748782072902971
-3.881244748986636
-2.7360495950157455
-3.95360175910468
-2.2439456964377316
-3.50780125527084
-3.5470726232336247
-2.6327949614754593
-3.815685068625339
-2.791636921449256
-2.6737108500661932
-2.452326407355565
-2.579231300817802
-2.7060340835178915
-2.2947306825673848
-2.3155764507893455
-2.1991243894429244
-2.3101932863065375
-2.3718121962243055
-3.587569575289264
-3.8440111628361047
-4.764105412523575
-2.1149094744417813
-2.526519668460516
-3.111963523674134
-4.3925265962407
-3.2408612487167114
-4.140254027485847
-2.9931065118803346
-2.431458633871128
-2.353963303921123
-3.606557598801948
-2.0884954662093262
-3.769438824236392
-2.0660209961632905
-2.075263182801507
-3.8217934334482995
-2.161026956718415
-2.1232233511116347
-2.5075819131291164
-2.5884139324774322
-3.772902643916509
-2.0202105807599913
-2.3767296779702116
-3.536730277859915
-2.3530387288133325
-2.18805890823342
-3.7046670381439215
-2.340361413512999
-2.0611191893927754
-3.031018247280892
-2.9729933584649126
-2.217231667196997
-3.691480099595464
-3.5022534826012914
-3.0416801246119034
-2.492683582687749
-3.589072107732913
-3.6374235008464497
-2.468679834305618
-2.548961100608728
-2.518459868271526
-2.4008416825551544
-4.600931316747021
-2.4764524597469713
-3.8157011683210724
-2.8951928638735147
-2.5705692327227445
-2.869746633378166
-4.7582345612167085
-3.316161786571145
-2.9436756140540012
-2.4446124421929305
-2.700029684932902
-2.5285851064212626
-3.47402100761421
-2.386975081713251
-3.734595358672864
-2.8315016289241615
-2.171983117778476
-2.4393968442684635
-3.693167874050014
-1.8225390198150013
-3.693744266535466
-3.7550441308841114
-2.3527405303381386
-3.290831873709336
-3.2183225803667037
-2.0910309401415295
-3.7729062325041745
-3.5882892426153044
-3.608862824415166
-3.779402849657462
-3.701039750367404
-3.8567522925293702
-2.3513746145746377
-3.8928682198996327
-3.264441263038043
-4.152195467740296
-2.46198750067937
-3.6897688601091505
-3.0626887851450593
-2.044450224772718
-2.6209302174324804
-2.56283148450777
-2.6939201494939624
-2.558046757393205
-3.6841145691126562
-2.332192666370422
-3.6441988599554977
-2.685419170712434
-2.78913988175305
-2.30400380204618
-4.110773390655098
-2.4819212703425446
-4.0022781404623125
-2.985091864492744
-2.6873562272811933
-3.7348040716542563
-2.156871601226431
-2.288596612048644
-3.6105706964681565
-2.578968293881043
-2.5137253903790073
-3.7369088404700164
-2.0362891478221865
-2.088210723716144
-2.0593732535423075
-2.6377530998041214
-3.6541522906093564
-2.537413882636153
-2.5774684090018294
-3.8316290269270534
-2.174768021959193
-3.6600509555197025
-2.3911652223008346
-2.177684491271772
-3.863191078999394
-3.4665891097206623
-3.210347493014608
-2.7782918516900392
-4.30561144415724
-4.765353334994366
-4.7017266327533855
-3.8348381514102243
-3.9350663606474807
-2.1336503031558056
-3.6480707605325957
-2.8216593854632226
-2.5331108770581605
-2.619372151544318
-2.6778546586992844
-2.4719287547344937
-3.930376043839999
-1.7505868078904876
-2.7682131312259814
-2.2126214098042474
-1.709930460798863
-3.9314506829741074
-4.146914767241105
-2.7356466578133403
-2.5989675585310916
-2.214515568107988
-4.0047728784034655
-2.591459301074968
-2.4783478529968637
-2.935339302282782
-4.035669683525339
-3.5000999875559167
-2.383375673769661
-2.097453277845558
-3.868949791135888
-4.653006031110882
-1.2375152478714828
-3.285212547931821
-1.4721607192344965
-4.18518408177669
-6.684233127385378
-1.1946731395870458
-4.32619493631522
-2.1522298533407342
-3.685129816031084
-2.98201855507493
-2.8991519943512976
-3.76645220354696
-2.518290963058047
-3.6580027500987065
-2.509691059904796
-3.5000381618893415
-2.7251391285993165
-2.4838248803013303
-3.694624424128484
-3.3670464058114846
-2.377973053667076
-2.345755773702016
-2.372429794340704
-3.5512509264337524
-3.1908559413577136
-2.281318785129735
-1.999287079046789
-2.381277533539884
-4.060057868706064
-2.1886894695721573
-3.689197653345764
-2.6003027595939745
-3.8308866874333467
-2.5630866760288704
-2.372621005726356
-2.0324914475046105
-2.370519568913929
-2.4557491112928833
-3.659279932842898
-2.4410325320884585
-2.49962125861831
-2.1416179708912972
-2.0812577507539363
-2.816243622892847
-2.221661496615038
-3.0172540840767317
-2.5270581863845374
-2.3532321389572077
-2.894901267015066
-2.0084723073765645
-3.800655497516198
-2.32269311956006
-2.1014265224284827
-2.202777476718031
-2.2161082443756364
-3.8561314295697957
-3.357229854360846
-2.9159476109252616
-3.7341841653039043
-2.2844055712011944
-2.145129099199549
-2.559278894125793
-2.4426895831910302
-3.880859704315663
-2.8434071241902794
-2.489679138092325
-3.841140083822732
-2.383902401161071
-2.0365729090074716
-2.1187179794237005
-4.997061033887166
-2.363282778177411
-3.631977888745565
-2.1975422486513843
-1.7233792915822312
-4.081621684815116
-1.9873750924517721
-2.4502864254949026
-1.9578241309703635
-3.7551485975583416
-3.8491610302533954
-2.427515656663105
-3.566588426982983
-4.125355134818085
-2.23933130859211
-2.429818835804241
-3.5957191741019487
-4.4400784660254935
-3.835290394779296
-1.8811124304141842
-2.2644201138038182
-2.673164287440479
-2.2313508186663205
-2.545140634052456
-1.9788814069442444
-3.6564738427940755
-3.6516468478391575
-2.2804269142262648
-1.9472097052919362
-3.714178416515392
-2.3299704476992305
-2.0919136469184085
-4.016390693091479
-2.0641335245935872
-2.2641522382193537
-2.0148912202821414
-2.0439121905838427
-2.3769556122738873
-3.9712629914389286
-2.32002076146441
-2.2819781603744893
-2.3708281778966382
-3.72945545610537
-2.3159800069065173
-2.7070607493445284
-2.8545926009956744
-2.217149406805634
-3.2645062629946806
-2.999655112198864
-2.0712134229149672
-2.6976659128895633
-2.215214587004855
-2.4174015486246594
-2.386099628721674
-2.4071857613045733
-3.0058885275709137
-3.6789436658993373
-2.3276725262564906
-4.260225379842023
-1.7763935724981121
-2.338102805586531
-2.733772509375588
-2.4032847596065445
-4.047760613098122
-3.0008775450506544
-3.5406730762651817
-3.7809188218389935
-3.9773832778315996
-3.785041367737577
-3.7294630363049617
-2.2070664278591687
-2.1219538379510268
-2.4038123399211724
-2.167961707547308
-2.0901633527148515
-2.4105054576775657
-3.585733285792791
-2.866133463799953
-3.1444000189459587
-3.8994221798901747
-2.7542742010615777
-3.9273292349074054
-2.270672046802316
-2.3521473741220946
-3.0069969060154005
-2.8865837436461197
-3.0266411079956854
-2.2841623329712712
-2.3897458796861253
-4.063543508427836
-3.4447450154311965
-3.540804603047048
-4.515777963492397
-2.6456025990626477
-2.654617542902007
-3.617559432520221
-3.8808928309343753
-1.937677516866476
-3.9121730365622787
-2.25983050423488
-2.9349548284976446
-3.9880781872359403
-2.8206856217049063
-4.989067100708065
-3.6640862640521155
-4.16400856924057
-2.8645235335895163
-2.174968129081029
-3.7673617740875756
-3.980128975803033
-2.6778869672262444
-2.675557625950626
-3.798033571933088
-2.1576501772720373
-3.1534115080926575
-3.0717783474611706
-2.4842339032230276
-2.5560193079474085
-4.794331688638156
-2.3743585743028683
-1.8724943539102903
-2.120937102423982
-4.441485640782863
-2.3463768905059723
-3.2954600030668084
-2.729288529229041
-4.280494832019013
-4.232095012616366
-2.6342024979963896
-2.6223611548071126
-2.323220666196197
-3.579774607053027
-2.452098728097975
-2.243277894781902
-2.5258640762356404
-2.6520090573783968
-2.0998284495584665
-2.283744685580954
-2.8667075009575753
-2.751320653505001
-4.070842936332026
-2.677220315926399
-3.72801891287354
-2.9154181164825976
-2.3058248364670835
-2.118461453711613
-2.266401886191219
-2.7311806186543195
-2.258966209276267
-2.284673918827746
-3.7214853801690038
-2.1956751940728463
-2.7697047438273827
-2.797403741699331
-2.9063946729494896
-2.528450969543309
-4.302739108937484
-3.129613228100661
-2.8685649366540202
-2.677719541740917
-3.7648483597810083
-3.0912264888032044
-4.464788246599338
-4.205013713365423
-3.8174854228080592
-2.6498786847895643
-3.0796692320288503
-2.3953214833109344
-2.483460979696365
-1.9880687609985475
-2.262685863106821
-2.251312702629715
-2.7643313313070683
-2.780342942356442
-3.559968052693332
-3.933504217310499
-2.0982247074519575
-3.6552636790536344
-3.657137782040366
-1.9289777365829803
-2.304911380838602
-3.8267106067879753
-2.2648278424143795
-3.747029121740409
-3.984212925113738
-2.1975433785046157
-1.8727049961599225
-3.5252442366232444
-2.0408938599135724
-3.0185298738305737
-4.746256722666324
-2.2864728348168217
-3.7085967586108786
-3.047852783174563
-3.888226525520287
-2.4318175777470064
-2.923714655625325
-2.388265763138109
-3.8697222438044836
-4.46980325839979
-2.635864460267748
-3.7897537379252397
-2.7747229753453295
-3.7152434398904437
-2.4415317081299914
-4.403589025484399
-2.6888248407952493
-2.269440833189212
-2.3155234479041136
-2.459706406070542
-2.5837696848548948
-2.386256557264678
-3.223179062776267
-2.7783233651630583
-2.8151150243977687
-2.3986432043220853
-2.5964560985751453
-2.3617918411319443
-1.9395882068729655
-2.377906286920108
-2.345603256976233
-2.5157682226728646
-2.3117154766457793
-3.488042249040056
-2.4588596746381377
-2.1235526950657357
-3.7214706953919197
-2.7819381753585017
-3.705853892962139
-2.4277536669416997
-3.495986233600728
-2.159437522733585
-3.688577786084265
-3.7430542995370937
-2.283384640408058
-4.0969444979553415
-3.7125491577529663
-3.378492309852816
-2.532576574574534
-3.8745353600488377
-2.1367610943230466
-2.46923025549017
-4.08818779783696
-4.810722593016303
-2.147385063616559
-3.996361532366525
-2.9400172158454883
-2.9977296458507556
-4.1173643316781785
-2.5729244775579616
-2.9448810390898323
-3.161631158312783
-2.777649403721095
-3.0076708586830643
-2.34590362795318
-2.52848259014202
-2.6172937988024203
-2.519083851647254
-2.700046515807511
-4.01782513276798
-2.9248343011122198
-2.8056734127712764
-3.8508070350519086
-2.4056977298806084
-2.4966374112597336
-4.121186838522553
-4.621605198148016
-4.315105660055452
-2.935630699088179
-4.115971179056912
-4.000469174910959
-2.517613544298336
-2.514813639165215
-4.1022819085276385
-2.592303887300193
-2.6371608340057238
-3.9278370898030683
-2.5465081153400244
-2.58413930561021
-2.174826034232352
-3.9744428786306356
-2.7479722317730406
-4.151721900505327
-3.2625595937812064
-4.21922365114217
-4.531746865826346
-2.3850781774533276
-2.533894911453751
-2.5332337828495843
-3.9056797241903856
-2.859479702295118
-3.4046109103665985
-2.685092894567799
-2.706510369319469
-3.305425287917879
-3.7779978147024926
-4.6667593201529245
-2.628148163828377
-2.3226624948928727
-2.5961412592902784
-2.552484972455848
-3.626627140687157
-2.2409914800090083
-1.9389702818761592
-3.4619558423447088
-2.343621035736677
-2.4180739137325427
-2.2370778090674426
-8.305827338057886
-3.946283646883444
-2.372460174386699
-1.9044270260122904
-2.267568690283846
-3.7293227035030725
-2.2908907152985516
-2.075444721593831
-3.7075782382717954
-2.4561069130785764
-4.810346941045796
-4.069687353555736
-2.1067779868673533
-3.8525103767011317
-2.251642644265046
-2.489940874318901
-4.721510516609996
-3.951955214479938
-2.7284188181621323
-3.673154132884618
-4.623197325547535
-2.540800856392209
-4.87470718172565
-3.699285983099289
-3.6913380076090507
-2.476956959994509
-2.5182520985944827
-2.302704885907471
-3.8843618243361484
-3.6836721849367025
-3.7951065808814013
-4.521742955991376
-2.3509299979421003
-2.1583645664981232
-2.9519507548771804
-4.022590595746414
-2.198202168503154
-2.1512682227275026
-2.819206245825317
-3.918877339949831
-1.9492846078736075
-2.0125901522953074
-2.0438751064582403
-3.73167412722297
-6.028172857776284
-4.711693891901524
-3.6881236676151565
-3.5183907293050254
-2.2884643098202844
-2.0516235389846083
-1.9202222334848082
-4.342664188466344
-1.8807283829431998
-2.5076455553676937
-2.713627101748564
-2.065482609441504
-3.6836128098281735
-2.9208349539892113
-1.8854400351724296
-2.2818360782867932
-2.2458531916942466
-2.142187266208853
-3.8978181700222194
-1.6628171384042723
-3.9965771661059297
-4.105438930597157
-3.7648981564162947
-2.139693869012098
-3.939201556154836
-2.7407407062463474
-4.464989287338529
-3.6496986072094484
-2.9173314908072365
-3.265767989030731
-3.576046678004786
-6.083855108241865
-4.042741167752307
-1.8402349759327867
-2.3621074049056796
-4.269247438749299
-3.549034915569549
-2.1485319617378225
-2.906959017436951
-2.4463613769790804
-3.746824673156564
-3.795634621260687
-4.433878445817781
-3.5474635915588584
-3.7097206900380546
-2.3874837211246307
-5.243551053165769
-7.9491139786945055
-2.713285620175923
-2.096266923343763
-2.6150088762727868
-2.5162691249934372
-3.6683447208994377
-2.736767814543099
-2.2557469257159797
-2.158383415325858
-2.2148058466687788
-2.0029964856753724
-2.2386906890260683
-1.6448374382449926
-3.558642392275233
-4.150786859712252
-2.5716163885028402
-3.7277790000525632
-3.884143515847624
-2.3369711575719236
-3.6435961487870667
-2.1903644521317123
-3.4066584244109706
-2.3834643574133514
-3.7473691013225663
-4.1278636398036035
-2.0943623042752337
-4.148270492310949
-2.3611790361131244
-2.2475095599256463
-2.6250415290066345
-2.0408319923213347
-2.752759388232604
-3.6800486066179987
-3.6086385187190038
-2.969951813089353
-2.443957297257458
-3.102362010471523
-3.2648637337597735
-2.2979966570287953
-4.4124571679427
-3.3999944650046525
-5.618654784147319
-1.5974852558838544
-2.5797514831696944
-2.022774121060967
-1.6767561649444183
-2.065376220204555
-4.079261592051016
-3.0118294921188284
-2.698511854668456
-3.507056726065151
-5.876953502034147
-2.5873878999346243
-3.7514328604030096
-3.605837373597548
-2.9165768214520074
-2.55362197500033
-2.2930683754322416
-5.783930311928817
-6.136900376223646
-2.445400099819526
-1.643384478122618
-3.751534034589928
-4.115898649866383
-3.1973624550427027
-3.8428711843403653
-3.697901579668123
-2.126112531469513
-4.743637349464619
-3.7131156013545916
-3.7017864181548354
-4.837325815500693
-2.827342193483062
-3.4152853370408205
-6.020634198397398
-2.6885066471931864
-5.654756948310265
-1.8472074634321016
-5.997919085261104
-2.9402404954719055
-3.187651110490785
-5.4376068412462875
-1.8797052252857651
-1.8676249234179634
-3.7397484391257168
-2.3011287060473125
-4.631146126190822
-5.262270586974299
-1.5772594730344935
-3.7088484914495283
-1.720319643675664
-4.495203288835784
-4.473961677456275
-1.5975553808268164
-5.165963453865301
-5.629068810818094
-1.9676900273834668
-6.993574655228604
-2.574296830457948
-3.3386004795543864
-5.603089107923211
-3.1969094213079674
-2.4541017037077455
-2.4926399052571515
-1.520961542547988
-2.0106186251391946
-5.800853729443003
-2.174525060843677
-3.4289072938952594
-4.264069567571703
-6.306463478044297
-1.8594889946604782
-3.8752498063134624
-5.531537663436806
-3.6677425523158167
-4.375639401100578
-3.24143989356545
-1.9920479983432848
-3.397499841032551
-3.4194290721081213
-1.466909349208698
-2.301860894823446
-2.310392211005092
-1.8926119116197038
-2.019294339422759
-2.4523696245159945
-6.896445820224164
-1.8897423402542879
-4.037573525839794
-4.666320636599637
-5.303855729309844
-1.908872697131708
-3.5195170038826773
-7.651549716309958
-8.047848160482328
-2.72595063401448
-3.8338672302855827
-3.2026913230996583
-5.339256332457688
-4.799589323171723
-2.119275539575145
-6.339524938813724
-5.4577218103452285
-3.79639825142051
-2.0166376739628626
-8.231840604151287
-5.148687572535748
-3.645102868967381
-3.592425240116813
-3.7940443023834374
-2.002808070062968
-2.6862851553534455
-4.098990479119431
-3.2154974526613955
-1.6015113021793441
-2.0641677167577033
-1.55717502083195
-2.3785140703891705
-3.842521117512759
-4.999130022881554
-8.184710189013435
-6.161970776109649
-6.309283168350654
-5.581254817531137
-3.3025076947342615
-6.6568377837042
-3.1259446843328584
-3.9378909219776586
-6.140459753767896
-6.454634587985773
-7.649242308553931
-1.8967597132194793
-7.593468538315968
-1.4342418782332282
-6.439991810085873
-4.894318293732905
-3.538942956335843
-3.0136838278969154
-3.5876614488400516
-2.2007273689731957
-3.1157628857536883
-2.726568802182875
-2.753110661589231
-4.0919186322984
-2.5565986211914566
-4.077522012036916
-3.9248813864882113
-4.068095136685919
-3.891999481272418
-2.5620590043564655
-6.144290482188267
-3.7021283903556585
-5.602565847901628
-1.7335629717304075
-1.8370095025505866
-2.477590496648104
-2.5824423713634426
-4.301573994225512
-7.606653292701891
-14.083836401250833
-5.529109321110572
-8.193580497952802
-11.118429326257361
-10.87177005659851
-5.543845562459593
-1.6404669134126344
-6.412952201254668
-2.158556159030028
-2.18750583445467
-1.9461847254913303
-4.238666069279115
-3.772368132527918
-3.874137635660049
-2.5843429423893496
-2.7047727994440716
-3.064109314590692
-3.4054332548615824
-4.109938013989478
-3.244910332134612
-5.050627731104691
-3.270206255221118
-2.5118108547671403
-5.420831731182214
-3.0523249123444183
-1.8118568939100959
-2.0321694907161105
-1.4654742756529378
-6.1013634473371035
-5.6500302086652585
-8.898361973388743
-10.283765941998611
-3.4442805495193856
-5.279015416966129
-9.526423650629818
-2.336761653807633
-1.614667037282139
-2.965938001199313
-2.325793505495415
-5.044962303550297
-1.8582463128827507
-2.467826979056001
-2.1172288777114225
-2.698437978858128
-2.5327681353619926
-8.577139186690871
-7.9883555709837655
-10.518996378774448
-7.981469483951342
-4.907647818385314
-6.728256463647511
-3.475057442174217
-2.731538438196606
-23.423010665252416
-2.963219603062919
-22.23406684335073
-0.4993172870663283
-1.5090415423897388
-0.44519111853031024
-2.3815290454489473
-3.88910645495293
-2.183111087561899
-2.7145954619999983
-2.9117000533994277
-4.239311390216153
-2.6776285230790595
-4.601452300190925
-1.980406781440601
-75.11608583538052
-64.59380240094254
-7.685702384114276
-1.6951331160459668
-26.880665380320817
-3.8352099291489807
-1.8091309493295853
-1.5507892073839913
-27.613808440194774
-2.624158199084301
-2.2229751365656636
-2.250224026681857
-2.9794278012793507
-2.4955277962703266
-2.575259283362575
-2.7501137905896975
-2.131834194424254
-2.248232716677088
-4.549917787343265
-3.79208051200087
-2.6758105898331856
-3.4639248659908772
-2.0593372284074603
-2.053791166882344
-1.8463439190257342
-163.18522835712014
