-26.023445195063957
-1.9652858194531497
-19.61001592867098
-23.53902203275426
-6.062880050739786
-1.3090673987570043
-21.898766003446653
-9.039595072866202
-24.591448938113018
-10.702979395857074
-10.382112955215362
-14.136237933441738
-30.59422034377419
-6.348809230755202
-2.77417669886075
-26.54027624855425
-5.916833513890284
-21.856287608087957
-23.8173099627022
-16.13487379145348
-10.01962608735349
-10.237560062361702
-7.494967720048066
-19.754100964389703
-18.7923633972698
-21.389171482826992
-12.78327706436343
-22.42248346766449
-21.94234396669348
-1.4750103231669212
-6.381353558304363
-21.53102160208615
-20.215974402600303
-19.699842723664773
-16.859122974003796
-4.439272075978717
-70.55779519661387
-75.80655211868552
-8.514990695508697
-2.769896199430682
-10.877989520718627
-18.4007103362418
-17.5711707704492
-14.28635891971633
-10.498207097960243
-3.18173366886485
-5.939145665557286
-7.348452140614356
-7.905571785639658
-12.116249496000217
-6.1439143308733275
2.0566125790318663
-8.006335992426022
-8.666177180075206
-10.787226739255455
-4.086443717808781
-17.27002407437478
-12.806720307821546
-2.8185206596351513
-5.773621926609881
-0.38788267320501446
-13.527076256727195
-45.17182953689495
-1.0852362653302048
-10.272630196070615
-7.20249829302199
-5.157670775664776
-10.61217200566513
-5.511373864047848
-9.319722893212697
-28.975479965322474
-14.370963499347205
-26.62746054055168
-2.942131899794753
-6.870138629128481
-8.738477019626437
-6.336226175258591
-6.198846835299711
-4.490559962383048
-8.560060612883252
-10.76477736670912
-4.618605382224828
-3.233987414475004
-4.124059509682263
-8.192751682083461
-10.115024916672374
-4.5723047670276245
-2.301010545627542
-9.15287595686463
-4.147866492239547
-18.28592904594487
-3.807442078727945
-6.345690751216837
-5.795685039997371
-6.289251530088883
-5.805323865929074
-2.3108101546267865
-9.124891515248443
-5.1807755141446465
-5.091163953838936
-6.019461658645024
-2.753786065129672
-2.3001945202060714
-40.66049021768297
-6.833653004875234
-2.720971038587387
-2.6200419183561383
-13.95860833946601
-2.92442480727639
-3.7182574174041534
-14.66614733177909
-3.2797190381206156
-12.976419348474922
-3.1006019614613223
-18.619391377275292
-7.011486677235477
-20.90821096130251
-20.737570629855274
-4.840138075983658
-3.713708016872476
-2.9174484190281835
-9.641084042175628
-12.28947476151462
-9.823845836241015
0.2595300011731536
-4.085125274509494
0.6324124697086093
-6.662088285817217
-14.27334297977514
-1.8770270590015987
-1.2511747842980052
-11.457137185763672
-5.844529504533267
-6.2245138293045486
-11.378603722213692
-3.4435267395034406
-6.1585416337169265
-2.1368750662485505
-14.838105275524512
-19.66906843316925
-17.47593020488718
-7.900478826798957
-17.45462291888697
-4.869371993127098
-8.154283298022731
-0.8231260989141418
-19.51045653541232
-3.388320639332933
-3.3042058716309786
-6.901924395352282
-3.1256828638953724
-7.194725227211768
-8.551047023193936
-6.219304612545213
-12.132019243148005
-6.602591108258142
-7.512125524973516
-9.34238084800318
-119.79098123411816
-1.2825760591564377
-12.607548563717152
-10.774196583894303
-2.013120890674432
-2.8040084936453544
-0.5316825253350301
-6.958537165074734
-0.4130269229903517
-20.66450099079024
-4.550344290005988
-0.35818227412312276
-1.698661948969265
-11.1730866167778
-4.812942985700675
-3.154152480323434
-0.8305684415192639
-22.242057583237944
-5.653005507767993
-4.28793443396893
-7.154136281040464
-4.0039662453946105
-2.5835681081545836
-0.3794074274566336
-1.110719947865382
-10.643073634166056
-1.7582663983189346
-3.337922919953657
-12.126019647588882
0.14705319303727693
-0.16792172229718894
-1.384714960232864
-0.41822952947621395
-1.524875371129477
-13.966067820571467
-1.0102789208586735
-0.21009022177636838
-3.8236084651838467
1.5496050839967164
-1.556400748492515
-1.2852577919587147
-1.1788625813852656
2.2148165345104918
-2.5827332656005533
-0.39378616740380556
-2.216212870410143
-3.4253691569875775
0.27143981383495164
-0.7987491975188079
-2.999966939691025
-4.340017600323172
-0.8782076445510245
-3.042502401458603
-1.9033261022592518
-0.09933510607950924
-1.4051238081426507
-10.193177976918419
-2.2303986366383217
-26.097066433712243
-1.060153441512709
-1.7301640427912361
-4.833605401205418
-4.871893364532319
0.36691129118693944
-0.016969888950194578
-5.252476848240329
-2.1413341171874927
-9.36075434834977
-5.850065214288361
-0.9547742045336731
0.3153259475643264
-1.981571790587131
0.06423971977572585
0.45653440380614363
-4.778818770720769
-0.6553492160531509
-3.6994431953584432
-2.7669605410727387
-7.007058374922583
-5.349613574874833
-5.163261608985441
-6.360186629010114
-5.243516646624077
-3.3771012800915097
-3.4970883890269953
-3.4913867616657654
-2.512685734730339
-28.272288644547142
-7.278420560031268
-19.427335837209657
-3.289665418226886
-1.4723139416767457
-1.7166400165204456
-0.3293815251225837
-3.7355894970874757
-3.0931355523728516
-22.763965405376943
-2.3825128510659326
-2.247517472677065
-0.5377486155082936
-22.811158352751942
-32.896044969039046
-3.47413365864014
-0.5218471482685336
-7.008899359444432
-2.8549787016532218
-1.9406458752151448
0.467308929131524
-2.138566492826034
-17.512302420448552
-1.767171817087799
-1.7949034991987243
-25.192711688978285
-0.14955153808386656
-3.072339375536724
-3.7519404360047375
-2.536030095846
0.2551325555913455
-0.8023049512792968
1.074411619097655
1.3625846288624128
-1.8991394465963602
-0.3369272370401749
-1.7936503645045212
-0.8778635613101352
3.0368210158591484
-2.261753002578648
-22.36639630466927
-2.88386379838645
-1.7248637842100103
-0.15902239695641085
-2.9094484783068633
-4.060447071083633
-1.1007047299163717
-0.4019780791726888
-5.608926041304553
-16.9625313480214
-0.16937049967474194
-36.91668464358448
-0.4030696326936153
0.22799720047005434
0.53034936067364
0.13241088868548156
-0.748153178711152
-5.737324091961251
-1.5604237842462945
-15.5646391584785
-22.900752752872283
-23.610826200355906
-3.9763303471087004
-1.6901061203788341
-1.0806153073854485
0.4329690056137483
-0.7994941139458273
-1.2117301233878481
-0.16438783651375533
-0.5487874430558561
-0.5683689992106865
-4.967894523746665
-5.398619607292756
-9.761292302670874
0.6282730283123785
-6.013084251795934
0.5998351540772902
-16.676536128434734
-1.458216621921902
6.732427867488893
-24.414478894132664
8.668535953830231
0.09112521123546236
-2.3564228450316334
-1.1123750381342326
-23.731790977805215
-0.11856497080158057
-1.5726237863449324
0.7493548834010411
-0.5790343955647036
-1.572032559019065
0.54970597069563
-0.6401646397728679
-0.2745401290126769
-0.8024255629035901
-0.5874541022964519
-0.6113642156945218
0.3479507551199168
-2.3077319231574975
-1.005064604513389
-2.0614354464381366
-1.8894636940549985
-1.934551296660822
-17.11480502456196
-1.0593551022692829
4.741094637354181
-10.455206059585246
-10.006684667654111
-2.3005010135405666
-17.029277968252075
0.416517739561145
0.7387972715738353
3.1481894048062626
-16.38420104847838
-12.448450090155644
-1.5646630187062265
4.280802085769431
-2.208876804047296
-3.0021436366939764
-1.63750252961486
-0.38748626197986824
-2.599533131565658
-1.0349017854498235
-3.227322327138856
-3.0089317269363174
-0.8711294298930808
-3.7526005560902735
0.032919729257712804
-1.8401809635794237
-10.646845599814075
0.918684933278515
-23.991065090415514
-0.5175275559908187
-3.523628574651441
-2.780740482815797
-0.39700808311945157
-0.5294254625099764
-1.8345797827510177
-6.17633217851236
-9.48028624756868
0.5905760784009619
-1.2322489375293268
-4.292146911991766
1.0641346205897109
-0.21357738564958395
-12.06470434581109
-4.234388064987995
6.9213399462799226
-1.1355107566229234
-0.28258615638917695
-0.6310821892147094
3.2597811984335126
-17.601623252129528
-1.4277538053280097
-1.8029096912397486
-1.8630155131374702
-3.552109673137726
0.38288496821984985
5.795295588700052
-1.7961910488787396
-3.2377501602471384
-0.7275392275736168
-5.160957868921475
0.8469427440288433
1.5747693970510137
5.684566111587397
2.109561200387548
0.7371494742309974
-16.785860010178332
-1.5636526771682728
-1.1799276119026523
2.3252105899463085
7.169498588317982
6.171004582372744
3.169761696109698
-3.112829585464997
3.734308055549218
0.7349966908917529
-1.036645687424722
0.06716456080564925
-12.807082800842108
1.0463162039630713
4.801722878454743
-5.163491757336241
3.7440569452993566
-83.89762815115408
2.79609319934724
-4.4672019259631135
-0.793139797611712
6.165977066241624
1.7482426668851883
7.907761561464486
-18.04959746670665
-3.6470634411441534
2.8458276983378643
-30.261127480879328
-6.271494487576489
0.9810918236966346
5.515977797041182
-2.044016155354492
0.6687599616978146
1.3718107657004528
7.479902841029009
2.6988912123170135
-1.7117253877497025
-28.43548195389334
3.9980125478434845
-2.5669877539179207
8.928070920270649
4.596725966680047
7.5824624385002295
-94.29615719777796
8.182439571697106
1.2710497479923242
-5.765022879399616
4.2356743089678055
-3.520770088735935
0.30138740557463595
-3.938111821850298
-2.3984030077510754
1.2774459554937039
-7.464691204387228
-5.896123024280876
-8.994238694192038
-95.38831023125582
-59.38610752659961
-130.07633188008822
3.067042254061013
-20.353073631895985
-1.4343669876737943
-96.60925836187332
-0.9829480913938327
-104.31702917781276
-0.7962635349679379
-1.4543105201755566
-2.0240220538261613
-0.8992489230678236
-0.8986467919659127
-2.5493702887807896
-1.5160133248418615
-0.0011827206491599185
-0.787989610997903
-1.3562541041886158
1.4716467689969992
-0.9115630979317405
-2.597863073124399
-2.7282609341916033
3.5991237920513823
-2.984797870083489
-0.9566361516759226
-4.950550424049619
-9.393709353076284
-22.898587786058002
-2.1497806509713775
-5.522870649223286
0.5475410664712805
-0.5309628123708365
3.660803087160234
-4.026469387420369
-7.834479909749711
-2.9329823447830434
0.3168202728739289
0.1616452667384003
1.7538020286861822
0.5601286553200484
-1.4644775335944122
-3.7440018390423155
0.5968907215828401
-0.4498729064974163
-3.613235096895475
-1.6557616261019032
-1.098847353867038
0.980605083773189
-0.8363363094790524
-3.1344238359816154
-4.037713801613774
-0.2267236105748549
1.9578107897222012
-0.39433849217713524
-2.987921447551595
-9.914039198586662
-0.8568891053120424
-2.53034321564759
-1.4292064172254098
-0.5315787438636961
-1.261819360696966
-25.667117940570744
-1.4603347246465461
-3.037461861504917
-4.714494794011227
0.8678714679365185
-3.5558765203382654
-7.154198446605246
-1.0084274015046313
2.6859638282156695
-6.886470406767996
-6.1768916953103155
7.8079249522205405
-3.9671291955002355
4.1851173176743455
1.1024153349691117
-1.0785525063175316
0.41580627515165536
0.3653160566993159
-5.131984158285576
-2.277865534659612
1.1741559861698723
-1.0468116232553983
-1.648215409104632
-2.709916062198978
-4.735891096163652
-6.192152221163442
-3.667959050987951
-10.830869886136732
-12.095489075679021
-1.7700766389122125
-5.03099464417704
0.6257976922397013
-1.893693028046219
-6.896420438930765
-1.0063718394223458
-4.1314393663945035
2.0488824402895625
-8.228690490764862
-19.004405046575545
-16.49611646670352
-2.4386994515418823
0.26116514484119824
-4.274204784084356
-4.523309845716423
-5.497884420555486
3.1466465699128854
-4.50873485876458
-7.504318324800654
-5.500025612364863
-7.427114835527404
-5.943749815601863
-3.7559350907890803
-5.377001217591936
0.6692344752850277
-7.525455396966983
-6.426159332068631
12.471338359662957
-4.030841254751843
-9.858905612345126
-11.979916368886949
-16.895977517918155
-3.6231843726311923
-5.067236238981601
6.736843592215043
-10.43188471058405
-2.9855855831618676
-2.2351334633851954
-10.346518543071877
-0.9897967307610842
-4.144951992432087
2.6949315116714017
-4.511441124570684
-4.3193080816676
0.1258161969556757
4.457504832322918
0.7344569098081353
-3.986103310727247
0.49879551212936946
0.5287277236668895
0.39917291809027433
0.9632276819578249
-2.4666580420139113
0.14301754570808267
-5.128853745870037
-1.7964089497616544
-3.701150551038881
2.3587143013048033
1.2092788085193482
-1.5786369391081678
-4.537669888876764
-2.370115486639012
-5.8000307149964225
1.7899979369422452
6.703776556637501
-4.399844418334954
5.687059438776326
5.844309143327869
4.122828199746018
-9.372559151110133
6.784328498963301
-1.0026491734238594
-5.860630453870241
4.17055075363548
-6.142544621998438
-3.140334481084829
-1.2148316050317742
-0.6218005679187836
4.1478364915014865
-0.42696309107546815
0.177255962026015
4.394972466875805
-10.971830738129682
1.8929379871927332
4.151652690610724
5.4409370540523945
2.6941364417932965
3.726137229950635
2.858581199248808
5.887745759438753
7.693857342286943
7.654833311927472
-2.8942890621902118
1.4631643936624408
3.3210285538964053
0.25573463441801225
4.316786238004003
-5.108137289975834
-4.504106741850541
-2.6410711913688534
1.0828992426732365
-3.6176556527448263
-1.0500962535328642
-5.13810269469614
-2.3594870752529227
3.1264171393008757
-8.29525381429232
-13.332050220469103
-0.7968828321680121
1.837758187025056
-4.819386461927139
-19.503827653810703
0.9341829535445225
6.75157593348379
5.015165942335243
5.537806614161489
3.641300628025027
2.4692995051158317
-1.2548928570878493
7.479850257515956
4.333558032560814
3.8397129873918416
2.7987219416831
-2.668524839551071
-2.984065235474047
9.050216331772644
1.3895761943646976
-2.1811086843543674
-7.555047447438052
-2.856913866058426
-8.011578443307998
0.8601430326804527
7.014912014925272
-3.8390772401248556
0.713039990733283
1.593892701749601
-1.115829995428221
-4.806369311847499
4.282102703342819
1.9158152105880495
2.1892175453407723
-2.5929426940044564
4.122075721267181
-7.593767802207119
7.996143418058276
2.3562346204392304
4.533806373834118
2.59896461052608
4.778014351023779
5.856855282478179
5.503363190071086
-3.421854957593156
4.637244437382414
-8.56476898342579
-16.164303364266907
2.259824403821587
1.0744385648495878
-2.7017092054361393
2.9178034380030065
1.9255062582417288
-2.9268751062829494
7.4217710974376665
0.33811035716094806
1.4485103560787094
2.397965954325081
0.7638116810672311
11.291612253517897
-19.50802819551886
4.9394570058626925
-7.92617100678304
0.15752340947714516
-1.8281938078537707
-3.3738262623957764
2.8141331369681004
-4.799198391653825
-0.5039192780466593
3.322844125299145
6.646018851686276
0.5514836208794802
0.30870131774146703
9.125797644482914
-2.7835390368986506
7.869307223803622
7.032260900449684
1.2755086040680101
5.861441605414411
2.7986409213580656
0.7727004098213037
6.863492909067645
1.5568536446069516
-7.01675877671214
-0.18554454959692923
-1.3803897286576297
-3.7134297028155165
1.2899283322320323
-8.878291498759193
2.1717282835043195
2.769600628138135
-0.7468722800814473
-2.9139031100245445
1.030232044735404
0.8679960469352832
3.9017711706202425
5.026184302282543
-2.1710699453742053
-0.6940024987730534
-0.7662100636796678
-2.169712429191965
-1.7349954103779615
0.686958004518768
0.6478561028961571
-2.714455078775871
2.26215205352369
-3.1110850291285326
-12.038342941164576
2.400680849589154
-2.788304439966364
2.83200163551167
6.20717402618682
-11.249276218275641
-3.1510803716152718
4.553612113432983
0.0020822507169571125
0.7152278232655978
1.7278123378813177
8.181574710131459
5.3839878362780755
-2.487541144914014
1.9503522342724238
-10.557988503350233
-9.277685645179885
1.0015579103556016
-5.187962456172796
-19.637134148344227
-111.25197724151275
1.5083389507265323
6.183662601054234
2.1228120709041676
-5.0510906776844005
6.858900488802078
-141.30706845005278
-3.6427902236786767
-128.61981032748824
-13.665181691669307
-0.35045804772714717
7.313516562660839
2.7790469719803927
1.5720069107403294
8.57575550132807
-63.721461241603784
3.945955870079815
0.06656176656935453
1.140659381682176
5.7194167954621955
3.8421277756922496
-5.271275081061448
4.577916322991915
3.5060524497374628
-1.7163023583268737
-19.585111866414895
-0.2559423819760567
1.5938879003788626
6.330451019150173
-2.2788306624792467
2.8631729185836896
2.21054295997734
-4.229071547295881
4.296923030076299
-4.549042619938804
-4.014765594324688
5.405958295436355
-0.83221619091296
1.9210327354074197
4.763075429063698
3.438392654015991
-2.0798194674703017
6.76692122828002
6.539478425619393
7.78497455037974
2.206030555496891
3.777944678537148
-1.0661002266135668
-64.88567996964129
-1.6260322074656175
3.3817698700422802
6.424786081467172
3.5717222533005373
8.607814702642669
5.797226942888202
1.8157985227393434
2.748132903781251
-1.1836321736184825
2.881093798074338
2.298898651044457
-1.6886261589606897
3.450266987524354
1.007417187369398
7.296874849295284
0.7835945653109824
6.2608618919849155
3.582317998168018
6.3441752118308665
-1.0010220929032467
6.092096163544106
-17.255864772323065
-27.675902592752294
3.3938356796106186
0.2375206451016152
1.8851711021140343
9.020931913755192
5.853695994650995
-25.281878831200018
-4.077935968779949
8.137812762562577
0.13576647485747229
-5.501139533723297
4.695704633868124
-1.8789313567554498
5.334571466197195
0.226942154398855
3.7061005832297074
-0.5374452868917527
0.11384879393637859
3.565683159498535
4.13861493310995
1.0348142719179059
-0.6165291795355029
1.5249341043565536
2.984349484175056
6.625424834956226
7.6388849212564125
-0.6564179482616482
5.366296357068135
2.3671724969954484
0.8556051114744236
5.438904186639645
-0.1750248197256704
3.865382639829792
5.330710572783241
-20.72300550545834
2.9020224905293914
6.455285071038867
0.2974578625387283
-20.225112766175492
7.168783041016653
6.175711900336809
5.395757521058411
4.331695428908654
-25.357364893799048
1.7604373200357935
0.7847539130139569
2.194713593564949
5.616802150707307
2.6606958255970388
4.466275066516193
5.950070251276419
-1.0066340811939978
6.883306898720541
5.957462103267004
-2.015797094026494
2.9660284211087062
-0.2242306161446077
8.17807362106066
6.233974882420718
2.5267684687101104
0.8129331442716974
4.460345145424772
0.6103247001140204
-3.7308011894161486
4.9165202816222715
4.43991363933925
6.743751682727317
-0.7797499752784701
-0.6929826703778235
-6.363682965031242
5.184520585668566
5.753108267772529
13.914620221777254
0.31971097219198086
-1.7914311743342783
7.31409774706521
0.03643488291191277
7.17198307913158
7.586442603467621
5.292686706856506
7.749895078342595
7.838797196705205
4.522478758036954
1.7123334557755592
2.6702439936325018
-0.5488657824642014
5.653988815055286
2.7669168660566412
8.413758670447484
8.439749124395586
3.4089170105814572
7.232640312027371
-3.991870265920446
-1.0312089529806265
9.13481216671033
8.461510046345078
-1.7193901882223428
3.165780099077292
-3.3403807283820104
1.0643248680872066
-22.01960488655729
1.9778920669618043
-12.354730290945698
4.695666638400282
6.7771153837256195
3.538623571292617
3.329755038454989
3.3071870395418212
5.550434879338422
-3.4994008172268356
-3.103378064860938
3.567490748112637
5.71499409282347
-0.47767747675198236
-1.2034696527707973
8.589306018456867
0.20449058132695064
4.272724403398252
6.267368589812191
1.1877274196168153
-15.64536617604205
1.612825971525833
3.0044811306525343
-38.691185829696266
6.259169230042558
9.053562358704971
-14.310739484736784
-14.725403113820096
0.8313302955342456
4.452637394997703
2.386350804336547
3.8960719173236535
-0.05266448357049702
2.546380368202988
1.5398474634790502
3.4146648373990773
0.36900773468459724
5.820873475974323
7.750693746425954
6.271990065136851
-2.4051069191560965
0.48275347337499297
6.512131526767911
5.334626979947972
-2.369678403389282
-9.454862532782562
3.3901229680981366
11.000533965566614
11.419642271967207
-23.620345286665025
-29.395888185725333
-14.937653948504463
5.400249820326813
4.311326851301769
-22.469704771869882
1.7000349130337806
7.565891746706429
-3.796236008333733
3.503587395982228
1.6604116130755076
-18.5957938734328
1.9263950963150989
-19.568695187295308
-7.312451074953325
2.949196997851928
3.0230940703770033
2.3215528205655525
2.6091573915174324
6.1288778453885655
5.310600731752756
-19.829128791963758
-15.036425638830156
-4.083710483871755
1.5050647474908252
0.1226169392404095
4.361112057780596
9.131920965775489
-0.6156584966658448
4.4465310985401105
3.493335325008851
-24.490099141171996
2.2889460494086857
-0.5257271023989267
0.4794728817048448
-3.3438748205236757
-25.820693246888062
0.23111037871188844
1.3268213324581186
-6.928085606171988
8.180857082674677
3.5910039495534054
2.4379125339971783
8.221492282329788
5.321789973452493
2.8614505054960633
5.148851079449725
6.395142478982294
1.6425907441582224
9.14759433143538
4.900347580963722
-16.680758810794853
-0.7563309935899414
5.1818299677851485
0.5674038790507396
2.451462712954209
-23.770320918699827
4.512034514598694
-4.206635133403736
3.234334477440286
-0.5168138313124915
1.028761082747601
0.9113085702642003
2.4709812326994993
7.524201366412186
4.788503392414035
0.4570382728988849
5.875926469260235
-0.347646407152461
-0.9287895198648376
8.863490240315807
4.558702213536393
8.288458528519921
5.2288695609174205
2.078823886659753
3.1002915014925634
-5.10224028619666
3.7913417464592047
7.768756839324997
-19.473941615176397
8.203737118098829
-6.404477931254564
6.023392786388411
1.773083091294168
3.691969805513599
2.4117078618549033
-5.109307662993973
-26.433293260195622
1.5032643665798289
6.363105019641982
2.206581291051507
-3.5274181615650484
6.672411826725855
7.676262437949452
-0.27585898064531245
2.5822033419103985
3.6201349626898125
2.067845060878125
0.8155292407351264
5.893409496340329
4.837281785436212
-24.23041956202431
-0.9954951258109314
4.62756934719556
-0.7939243547165507
5.399792833528399
-4.637345409073839
11.056269123636561
5.194178101690004
-1.4319265274122221
4.915038594911046
2.552881522597904
3.1400690399548745
-0.37075741231371784
7.444483686196261
10.969753009975207
-1.507419758342475
3.7799661016777506
0.5749384446651999
6.0800309093134315
4.789992431007777
-9.322706049453844
3.3389224611461783
2.779025462894679
9.604567070868999
-2.0252452428554544
7.268999594421764
6.46995944539007
9.576167406946626
0.3704049618345009
0.25434578878725067
-7.605512554720759
7.170331965162401
6.571453814970708
4.84894408971567
6.686302379806008
8.910018395274212
-2.838107311676449
-4.518968366632659
1.396873982124628
2.8531200310752216
-15.31722954606149
-15.461307989640177
5.66566979915535
7.247206724833168
12.131712507518966
8.975079816707865
-10.462066359660254
-16.71709407037759
2.61917872269531
-0.0958245713780761
7.456958139600342
5.036108973159949
7.9516718197962035
9.948438961616919
3.5436665373155076
2.2370793930871367
-1.3409591374919865
0.7089929416451908
-9.765918080878441
-1.316111711537603
6.508296860696587
-0.49957329261598393
-7.676851556182379
5.565483188482673
-7.669304009163537
9.364414184881385
6.820554893291796
-1.1372642366854844
7.9948500132838305
-14.465891587520515
6.662962153687507
11.477862499213321
0.5679270836722194
1.0547810323428028
7.702912088654026
1.7446865562388947
6.344070366830509
4.85980134254082
2.8256569768379993
3.0069016976684377
-12.44683640637196
3.0511060371359404
7.258078459773632
6.25871913154027
-13.948713156546308
-11.191038402731644
1.8664598125054774
14.001237704888842
6.39182055448733
8.122743464004195
5.946570592445568
4.150185414573452
9.109657493700038
5.4405913194355655
10.97520628005183
3.8788793767752043
2.1774633050355554
11.373277619854566
5.470344147433104
8.348365959647252
6.681114483604056
-2.227895664922662
9.205149517884916
5.83192555922343
4.516868394115114
0.6507785192603981
6.731695097621907
10.29944015782325
2.2194511774510195
3.604101727857276
7.926250590469033
-4.105366266488117
3.9471470920777163
8.043099133892383
-1.0053365200189672
6.289829809849817
0.6213649621328168
6.911531005658065
6.714464309824676
7.878082842053956
-3.394150650196287
5.827472802231198
6.042119655855426
0.8731511484353514
5.03869349916595
9.926219837963577
-8.321362972002108
9.526306736426237
2.0724125577715067
1.0420944768667337
2.86083362779723
2.5019706891729303
7.247942780735505
-0.48784493158089526
9.484434257069323
1.9826322350255263
7.923048106937065
2.2004535408141126
10.417068073032562
0.6714369222118703
4.698382821783337
-22.193132163597102
6.822936962652051
8.992401326507842
0.7323132110710777
7.594192821741483
4.41063138940125
5.393361189796802
0.25325300606452705
8.320517396144904
11.972806711116965
6.657759966423565
2.4696733649606952
10.032938376515155
5.715572697650118
7.702355926917262
11.925411284146461
14.323206425823672
22.632974305622866
19.369734460149793
5.862108527459321
0.9534776885258698
0.47912366498289316
4.825230936504088
11.656471353486587
6.998634328314929
9.040375065220514
8.759504470837632
1.7821703662032262
4.334491179493258
9.430369357783878
16.263994645173156
15.252661347866365
20.39919111808731
15.439334989134803
2.3724502649585135
-4.782492702646666
10.723608527510976
4.645260285316334
5.042492678083048
0.894864912928778
16.476139512913708
8.510477601731303
13.839821180732182
19.239207937450242
4.059564041261787
12.18957437126738
5.99938279823473
7.585315672371957
20.333573519820003
15.85707163315464
9.062824677674213
6.396102908996024
0.6086238770316559
10.956398085302718
0.11553496346619285
13.656405044838888
27.11275477016894
11.296553434183746
-10.739849136902318
1.1664538794372281
5.0262788432225936
7.167878273940277
-0.7458853366959476
5.141254443247907
2.5201957383190505
-15.456409765038535
14.716286905977118
16.081794915718994
7.638949633596761
10.452214453761371
10.6768242559094
6.394622596276529
9.10505087228356
7.811538805805808
26.552295006892884
7.077876418273487
-0.5042180476740119
23.455272021949746
1.5312037406756795
-8.19493885087138
3.504973453541159
3.905122928710008
19.952719018529987
18.668710257004367
6.2770557918199925
0.5581153044587577
10.153637410494975
7.834245180035095
4.917888581038973
-1.8674506657282637
10.590424230803665
2.067264642929571
2.336880070033923
18.710354491959276
-8.932222029176737
-8.026828520732344
19.993106400071564
19.665081311269045
-11.996264996926591
9.41519257441501
8.439565978902456
12.280662384131615
11.087361386565588
11.588689926279557
2.870370038306601
5.158562771476715
3.246920200390716
17.816506878423404
-0.8322061988715028
12.510604660152769
10.708415021570316
14.61142578139773
1.4166175189240642
6.162608411280721
8.057069147655024
-3.6872586757793426
3.316521551584457
0.41457607357283366
-11.004604861712432
4.753395021736396
15.056578429399138
2.3936740588015923
2.0149531801281557
-0.6354578686591902
12.338029773372728
-4.51601023779574
1.5540095721986193
1.429899090432745
30.391525221243047
7.070501323012541
18.11224583350758
-1.2352121407003116
12.798667871450313
7.0214498463381805
2.317441018687927
-11.634395166905351
15.452983776706724
8.075218506846003
16.442710897597916
0.6286143521134651
5.479624324370395
10.871115634210701
-1.3488363690015344
8.541600092229764
2.7289837376536052
7.9169487085034564
5.57030577713112
13.622110016665834
-15.632338320022352
13.944979972120153
16.609661396399346
-17.06836267587364
3.271257803172997
23.054515418445643
11.494715600148682
8.67931085556569
23.752074733566868
24.49037705458281
7.6284898667784535
15.087142076961722
5.591426193963204
-4.322074357372365
7.327583312253042
13.981550914002435
22.31514088125766
0.22320783239054198
23.680657340500883
8.288830272895728
5.200369115152734
1.3189458695960323
14.717529108971732
14.219729362528346
-9.584740539113815
-10.023377565647023
17.452812396297265
22.769018879912064
4.269547476902528
-4.5153410451072045
-1.7519556473375588
10.954244265728072
5.1030483840142296
-1.6618148513107833
3.16238598734029
-16.633515627705172
31.030728387020865
1.53998525182072
21.39618390085819
13.406253495571102
-1.8839536981478622
6.591531452899535
4.818861519190496
-4.6719463418321965
-8.59919763232946
2.470270715726248
5.231377996819985
40.59433122146684
-11.350070718743439
-14.136986553082167
-3.229055480570943
10.740478558810224
12.907686335198372
4.212109866242723
34.739585998008934
-0.9721105976961063
7.408131899145459
4.423033043936417
14.538526918309985
17.2657455955988
-14.877733975232239
11.465283867761801
2.9863389701402094
4.220096847384634
11.142664097329904
13.69605619346257
7.197160302405118
69.92140113345351
4.980045932046505
0.7530537399261683
36.509324693270464
0.6745863395290561
2.79213550703231
6.735293032816349
-13.931484070503158
-11.89900106742171
10.872866597013648
-0.04387294560277166
2.096230994532348
19.195550157710155
4.387302069775333
13.474416350828225
11.824312826509088
6.2202045949188065
6.334923024037937
14.615089860880374
12.517744563101816
13.64561396888258
5.3597051637531665
11.051691624392566
1.7512214288685821
14.094998167138261
34.494210265202135
17.69986242899047
4.058821155036745
9.357772263057083
-0.3233279240878357
16.307604567855577
-0.3480248052173893
32.54516266177617
41.0092826751132
11.55151400991212
9.512130661849548
1.1785888573492964
-5.565408442766326
21.26196704430785
57.50445148336483
17.466369159607833
46.28963341941717
19.113010872723436
13.952843385159289
-7.092125014146411
22.912132238960915
20.522234262696085
10.044068598174636
19.155136157467457
27.030949220144592
3.2009771065630668
2.114532195465292
-4.679367489137281
11.489549829549858
12.80807566022421
12.295988996125947
12.134858068274445
30.780337185830067
5.650926203469705
-2.0472590973570943
2.267101878243065
2.773569518020968
2.1065706955951806
8.945921553892571
14.103423836675036
21.65734767739734
75.56039334268976
5.510124456628046
-0.9205047793748946
2.051091242968133
26.978971986152718
9.322971545988365
24.340623338518803
3.19922015253509
11.452866111310874
1.5243405531444174
14.517779476468903
9.187691397924521
14.969205748983672
0.6954752172493888
19.373626680312245
18.720121854726017
10.856869973352028
-10.667197926599654
7.81038149932715
2.9570673363532856
20.966664455068745
4.791040083949523
1.1679592185664278
-12.448397850393798
10.063903953189548
4.545814841285357
5.067819865790984
11.910742426963532
13.927166837164984
19.389920147481877
0.1558785189537797
0.022103865715446425
30.00645559493282
1.396830828553377
9.299671355376754
11.087991691741827
2.3278687059583465
-2.8368812864051365
10.905959369415001
1.935776654455398
16.020003917989644
6.1399815784884675
-1.2945394108928148
3.986255036069238
5.023191895268196
7.406300658974521
-1.1654756370915678
7.5626765948581784
7.475470506174322
3.0231564678218
22.287655655441025
0.0711107411237153
0.6382145249714026
-2.543198965826197
1.3085838162946755
25.545148633006995
4.268853658984784
-0.7541822845725865
29.705998154418896
16.84619680063465
11.537684053456879
11.891227440375808
42.07968610965762
-0.3219779194916199
-11.079943687201345
7.606542530639661
7.26704883121071
-8.701073685711812
-8.108965817672628
-16.935041577940346
7.623958140683069
11.765133157209702
7.6273592367467895
-12.256645806364673
17.10702494722115
-0.06121784717092715
8.333509973774504
-13.920545308683097
1.7516144037313608
11.360528148602839
7.358508826552718
-12.12915667193034
-8.427969479014108
-13.830653676422223
1.9766305954770265
-4.641081341702666
4.024319586614626
1.7996290517064888
-14.09393696881657
4.750492885610987
7.774600749952317
3.8753999303241313
2.473224372412625
24.46114455206666
0.41993038333389876
22.144573393335147
-18.12356393759407
-14.982568936911429
0.7790484453709621
1.294153109944535
0.16027592989660278
-15.035827170812595
10.187403039475521
-10.632958299354438
3.6522492861910827
-8.00304368448204
-13.438462993181195
16.363928805196956
26.09630994614942
32.575180852115835
-0.35454285619175485
-1.0700064556059803
4.991994356258157
33.57345347999257
-17.44689641040212
0.8481161787100708
1.5199884944075284
-0.9482290785356308
-12.499286972695806
9.969609437876905
-3.172149037560921
-1.0266911905947804
-14.12563951707296
25.657100984232343
6.601496470563851
5.066993883177782
0.8009359593915226
7.411101387110765
-18.758664962650112
-6.928509823081244
9.641824165611634
0.21804146198239716
10.550970925848969
13.339540337210282
15.43871393150648
0.9862636534609563
-1.4973638105769513
-5.449248062821195
3.2050838281283225
-13.24896247144669
-13.163703696929485
2.6602850466494554
4.333418295837624
5.476595200578653
8.782243768533196
-0.15427820947558724
12.190066711852822
3.779194013813111
-0.22786797673312342
6.4665096052741635
2.890050043495369
-2.1005271452553886
-9.15948287911457
10.499169541741237
0.22631825620461887
7.119532526573266
-2.1221093912884648
-6.276531553687888
-10.77283295577536
-15.446290605702893
-11.751189999029243
0.6486522833939354
-11.628414228905752
-14.566445867287344
-0.2917516406104942
1.3638765481754387
5.991051613911981
-4.465271259730307
-1.0905032252763496
12.652782040310285
-4.552745869083303
-2.849444041641088
-18.832116413069517
2.2589430730421713
-10.318546935512028
-2.3012419132326913
-12.29666524122201
-9.164545844752485
3.163421950624982
16.914029511595018
5.218262690084445
-20.91276326196583
-5.228192442745079
-14.108131352051975
-0.09675001548072215
11.919920584042623
-7.002351005961509
-0.23666057609569247
0.11761086964563838
1.864029789930473
10.613662299986451
-14.208308895204288
4.6143261006785234
2.2940165619306208
8.678647725903788
10.764848324822974
-13.540891150740327
-0.1011664447259294
-5.318450926434163
-12.828988222483042
-3.375555595774271
-19.569284568227715
-15.713405326720078
5.156035716463823
11.672109750275139
12.114590920103712
-13.638063429571124
11.895554044370646
3.514308117310394
2.265223895654799
-14.260590276000343
6.84829734353708
6.339325272675107
-10.772372705444763
9.444337859731997
5.3247575626298245
4.24884864403542
-4.461793013972802
-12.475347003291246
-11.01709318087
17.800656337663842
-0.2542006607695342
0.3130812279995605
12.356636954485632
-2.2685689463736605
15.20679237547468
12.441491046125298
6.65737424357164
-12.50158579454872
-8.226189193658183
15.326854100191333
11.438484588242067
-12.041834441011526
20.031027094277857
6.842746031738807
1.7276931039232948
-13.583165207931469
7.219324641119863
13.87296875529785
-10.380534627610336
-3.8257760896259736
1.7691586751556354
23.850300193032233
2.957046169582159
6.353662487718759
9.453779523847139
4.5384584299763615
-3.3864976991143325
10.695032530082743
8.418511930736846
1.8888317527770093
1.2477674287520664
0.8361848766865059
10.44254111920692
5.113726358121418
4.041276453333912
-14.356053044041632
-10.06216012617857
29.0458656147882
-11.338752805655036
4.81450605002512
-5.0811791141664076
8.336833715073437
2.7597159179290918
3.7972281006874056
15.967007951394041
-2.398963966171922
1.719418226445685
13.110280151891118
-5.500675562044151
4.760892026501352
4.469932966484454
14.499072912608513
5.678712348548958
6.589589475534973
3.090773710029042
4.474593772337737
15.494708437894353
10.095623142385836
-3.496760007028919
-10.405973242292305
4.968940262109722
-11.096323617026561
4.332805356984072
-13.084901629461655
1.831940649061663
0.7468696937850772
-11.389907528519823
11.732415929377494
0.6325578699341279
8.104823975976203
2.102541009022193
8.81197820283482
-3.324716623956442
1.2687020603315
0.5872153542707228
0.990730922969477
16.975346692998958
-11.859741941511713
-2.1557874899061256
5.061349130851753
1.50449395911118
-8.944638762907132
7.361860889284522
5.574660331914098
0.8354751087240961
-14.57699914999272
2.240763976391201
-10.258895145552152
11.347400319475657
2.1048485524512257
-21.408753809207386
23.18538317741841
6.713547392228972
-8.455465449918957
12.361216088428222
-4.67224142824578
-2.3584694760007765
16.843388404568078
-3.8237933705901277
-10.016401850988599
6.255002251555279
19.861893799861345
18.055091012236677
-0.3332950070542188
13.201709952911184
8.371182107081689
6.9111577619843505
11.052120741519934
-9.887875209334828
9.16909921721235
1.3293350737434677
24.427615367094035
30.10270666234459
-7.885003616085484
-10.67717054996571
11.047869784481717
-10.42484320259851
11.509908438889951
39.112531352050894
1.7383608674226578
-1.0120633685003373
6.9910535340479
27.678266055043075
11.581952287774536
5.176386827140426
-10.775516526201026
-3.4082349132972225
18.468738034505584
4.305935606527667
15.90468075778287
-0.2943631144489689
14.468934467360695
15.740033159227167
-21.094798360344264
0.7249918586295443
14.296726529836945
16.62406498729534
5.171615552195664
29.99193894123902
2.069969666336375
31.092420682149566
9.077324972935058
2.854518576796578
3.5627271617249816
9.710606875069024
4.654620545936411
0.808398808059613
7.5335534309188485
25.117335302227303
16.210054415706
-7.763081428049073
31.321653824615645
30.4394159326391
31.150963864436484
5.731722322498366
3.087848337612426
21.883397232198348
-2.867339742119496
-3.0065801690018295
-3.04251300073108
-7.983100256268735
19.30583002503108
16.600210636604274
21.590884785273307
5.332208559843267
32.63636335961708
24.269498303495514
12.81842695557173
14.735716527143502
0.6709135935256749
7.284393604679217
2.5936007369440324
-2.216527818649987
1.2881685715875553
31.261221254662793
5.70363338767567
8.705360127033964
6.604330984863374
34.85032591693805
11.040409615771992
14.361300452389807
38.28271678777848
19.236696970609962
10.495472852777562
29.733984458006613
11.56307343784187
-8.144341488577517
2.6743147144454906
24.129290746509152
2.2960775528366653
-4.260319730472014
37.64089683521314
-3.6708791932180125
-12.486170865275517
31.71464659653227
51.73832441822693
17.21057909491063
0.34081132322270524
1.8357532152261102
-0.24240715775247057
0.6797967505780576
-8.743073714998964
4.513337486536225
34.46550118673832
7.841954231563541
11.726294008930191
12.557138769241082
15.946637020773661
26.55904794058253
6.135723123161165
8.050167767145819
3.359602565860909
-2.308850243406902
14.631610492026693
6.949524013504856
2.8796950516027735
1.6778452127706793
-1.9636891083859889
17.57721541087446
2.350991261570891
0.0781547444470565
5.661812079982547
8.476128426032778
-1.9481423079346265
-1.8398279020067188
9.440087152430776
4.2774787195877675
4.484462732002899
8.154220408644624
29.486177079214805
34.01089739346155
10.524355282205791
5.149945422185779
-7.336785121727052
-4.624109074791123
52.70330769252363
-8.034296754975045
18.645402298029552
22.0172305179583
3.7349537544179308
9.058342547266141
5.261544529029421
