4.944586149588068
-16.77563309511234
-15.346501979187133
-25.29347547209822
-34.10517907538964
-4.667167731550523
-19.172226784982865
-11.593476553633808
-3.63071310806119
-13.661884154692604
-0.1569865852834198
-72.56139067708139
-99.0350706999024
-98.27726924251147
-14.290308873855821
-14.852497535282126
-13.855016794963431
-14.30357144483241
-13.894083452925088
-13.817541006232306
0.6937452593558304
-11.14785121439677
-4.023865584854817
-37.00897636766359
-3.310565147642047
-6.056334264283458
-2.6224202310983085
-0.7762275826274428
-9.369898499315296
-16.09794815901671
2.3526929615652192
2.7901063444993164
1.1372694569642987
-3.263751608369871
-5.218895718507626
-5.6068892563749095
-2.64741474705267
-0.4001488833855469
-3.524011541516833
-6.992751062937701
-5.369026992581163
-3.5645820114601694
-3.502601922047324
-0.6355240532209472
-1.555115374285652
-1.1956127983097693
-5.343001687328018
-4.383300525927917
-2.9862833219771265
-0.5372006233676028
0.15123881085589574
-3.0122040345830206
-1.6957454383603756
-136.63528430295636
-124.30980877503967
-111.022073300996
-112.18498326434671
-99.14674846985329
-112.59265531307342
-41.1245433119166
-32.955757343961395
-5.375892072173613
-18.709471577075924
-2.3797536583635948
-1.5322918841323518
3.5493669878657297
4.18015651473752
-2.2629252417227255
-33.994562638552544
-4.133573392868042
-2.387751166467867
-4.8516901939511285
-0.48111824933004743
-2.04485002336682
-4.250605000090477
-1.2268842330059642
-6.579835421703133
-1.69698982357917
-4.3401879845969376
-1.668779512121652
-2.4543692554157817
-1.742983552929636
-2.360099758376367
-4.820196549114462
-5.030648724728578
-0.9308069546887049
-0.5050094889805989
-0.2594420408383018
-4.601295577412391
-4.234477879685038
-1.4760177287670473
-2.1531372368143247
-3.977938281530358
-3.3773001268201837
-3.0110575282946224
-4.203423864851084
-0.8070367199902732
-34.23273658393246
-3.8421474285013986
-4.8456058032469205
-3.47273391424616
-2.472901115865137
-3.956175099940971
-2.3685668363136543
-4.736620487655204
-1.8392015629652885
-5.516675388283405
-4.50375127183584
-5.358625443256151
-5.2675881624085195
-4.365368891354029
-4.389467599316811
-3.2712276192841467
-4.215382615634554
-2.767275189052023
-7.608877993497997
-3.384263952913381
-3.8687217234112325
-2.1560209697124852
-5.577294329009329
-2.6958429592518742
-2.166613083069522
-2.05583961699779
-3.5429719526848458
-1.6388957595508544
-1.21342263397388
-2.03885326856623
-2.011190563139971
-4.147504011808586
-3.3287189577519904
-2.7033416836503896
-3.5236327785595014
-3.7905994338697444
-1.510401084612438
-3.7845656249752917
-3.011063074978687
-2.1989356394397737
-2.309346369969967
-2.870544548743095
-1.764264876082542
-2.81131492046453
-1.8476274405283248
-4.366518240725
-4.547166834498443
-2.032644788198171
-2.343667142610378
-1.5672139108230705
-4.662380786723766
-3.22592357577756
-1.3597436020672327
-2.0581275730647617
-1.817909948065254
-1.0474582703298272
-1.264043600426369
-3.5607854904724934
-1.9002559318703907
-1.9498226737566293
-3.4837284367873034
-3.993197480234628
-2.3810257593368513
-1.0367489779765444
-1.827388103472691
-2.0149232762654607
-1.432561075806619
-4.041254877479747
-3.6469924711138013
-1.4552522732640316
-1.0962111974141253
-1.6645094676899372
-3.6649219734246508
-1.0324996435424945
-3.4062910754680624
-1.4216728161933538
-1.3219103029460344
-2.052379967048142
-1.0895279679944103
-3.2996622029846363
-2.8546521587609295
-3.014618060251698
-1.3132454237913083
-1.7325080972720548
-0.8943882311554641
-0.8693544215348865
-0.9743723931759201
-2.2764950557012726
-1.9628419857857113
-1.9869441472571325
-2.1620936817371614
-0.7023440831697059
-0.7945181767633607
-0.8110193129541992
-0.9901357949158771
-2.4674138456947774
-2.348155804640304
-0.8561395938321957
-3.4633720799915806
-0.43547511931571203
-1.0863449072516522
-0.6317782868059933
-1.0288020924081385
-0.2103487286057385
-0.2601396108634467
-0.8038102660054939
-0.0322465517645083
-0.45973422703705735
-0.5431101370786016
-1.4083580572316416
-0.8314443129875366
-4.588470706054396
-1.6387698958764498
-1.2145811864066252
-0.5294105459476526
-4.8605573377382605
-2.76701982510338
-0.6278890490978951
-0.5676912029992501
1.1940981726820241
-3.6649516168634113
-4.131355064049363
-3.7579803570612986
-1.8166297273275749
-4.703864285542322
-1.6004725341364574
-3.5668203157434877
-4.408624804023032
-3.398939582482603
-2.4225727058748427
-3.7511995742597306
-0.006215340101974665
0.6403515083380049
-1.6330561232945562
-2.3715576015443824
0.25592110247661415
-2.391964992957502
-4.484797739786256
-1.195886852495994
-1.8430413746568373
-1.0975962881514183
-0.11418186376243789
-0.14971961413572332
-1.1369238127744006
-0.5823736661076551
-0.9180160631509501
-0.18940613955290686
-1.4145349082586685
0.06586898735289504
-1.1246071824037172
-1.5916584223952703
0.6101611190233369
1.1168929860076537
-2.9338671480330305
-4.330573565026747
-0.9907770954429467
-1.5061501930188423
-1.379583248295432
-3.631911432383582
-0.8047355106764771
0.5037708794660865
-1.979448188674944
-2.4661359559011973
-1.1571759305751577
-3.296430976195262
-3.2035388298405683
-4.636631092029005
-1.8158350021901248
0.06855466594640092
-1.7975597846955071
-0.7419935919630011
-4.1693166727193915
1.3469025064812379
0.17057955361188792
-0.43371370991381686
-0.9703326866806768
0.9148391586930218
-2.843076821130932
-2.806342494163041
-0.4281090299002842
-3.3320945035141594
-3.3560495353626716
-2.422164458429714
-0.06848628326816053
-7.547245918393134
-3.1436335061932925
-2.716927724162117
-0.07283881089091493
-3.1775147386187084
-2.576882142875344
-1.4599392465056538
-3.8964094050226303
-1.6272233245720467
0.4716532366201256
-3.0752957890362813
-0.8818236112942323
-0.3124906963780527
-3.2711390154287208
-0.579110309468506
-2.8855004092485945
-0.6877625702637776
-2.549289267486273
-3.4558688595765283
-2.553639136968687
0.5175470964759588
-0.07823535045236352
0.014721892804915537
-0.28628284080947597
-0.8089739475833857
-0.012091676947350027
-0.8301533599682152
-0.594160344881782
0.6502780508648913
-0.4775038468396924
-1.4678486329484728
-0.6634394290292032
0.6107965065147734
-1.4167513673075782
-1.1302834994935764
-1.0030857157266377
-1.8064425468600054
-2.486156372073107
-1.4497019772858653
-1.4962625983705111
0.050984426418782425
-4.2723586723462965
-0.01524487435407229
-0.04145439769017534
-2.1484677034684747
-4.884776224901902
-1.7679615978803507
-2.6748857245929543
-0.3016306829806419
-0.9294984042948748
-0.7881272982737683
-1.3517053871268874
-1.0180426912801344
-2.954814623204056
-1.2016552410315096
-0.1845253419306847
-0.7538865889950355
-3.4347933931481083
-0.22922897726917846
-0.8875214813724148
-1.1314285054268927
-0.47237962848941517
-2.714778347264045
-2.5342377869741375
-4.419244638726115
-3.8552970434352782
-30.561048682767858
-2.0074124821337582
-2.5921902793608593
-1.234727266141526
-1.3056219130475064
0.1300136623171464
-1.6366207126112042
-1.202949052962783
-1.198670480641808
-1.9361212173358844
-1.1949312452549705
-1.0806147594178734
-1.8124914626938624
-0.7900318182858975
-1.692322161796811
-4.031442946776437
-2.433182067727671
-4.41169064139109
-0.6331129395353329
-1.0154537605711607
-1.5883674313779927
-2.207249326710899
-0.5883575073468218
-2.0089143440953157
-0.5473149536478693
-1.4390982478223733
-3.9426716331380094
-2.3290655980700032
-1.3587008805697967
-0.9331224585889507
-1.7187796978224077
-0.8110047482711593
-1.8577483404458803
-1.7529874832062047
-1.2897173696309334
-2.213874311924598
-1.6780337000309182
-1.7325115777788096
-1.3582692730532324
-1.5883289639617653
-2.747672796333055
-1.7156731243003163
-0.4295258108042189
-4.405959327375823
-1.7906410483972488
-1.0131481894124303
-1.300315454883426
-0.1924212285149851
-0.4157291971230842
-1.699084770259912
-0.7096031698851557
-0.9806261643376191
-1.3688720515041328
-0.8062627199807514
-1.4695106556868835
-0.8650350419065559
-2.396665119391556
-0.20232861043326755
-0.9716446998704947
-7.229105214728046
-1.5054493636085375
-0.20314285040212265
-0.9237455318259693
-1.0461771129233137
-5.5032742479971315
-0.5259567426250658
-7.71415220569012
-1.8292353052839028
-0.8375479611710965
0.23290934806999886
-1.2568492498098232
-0.34947992123104377
-0.30043281875644046
-0.30061385460632306
-0.05667143579076006
-0.8154351409704723
-0.5989519813905189
-1.0993778196057895
-4.369909518797569
-9.771123858719905
-4.178000591055181
-22.90833835665261
-21.2399080072782
-3.957193721734606
-4.0084307139944295
-1.677779018365468
-1.1959279680053405
-2.4423929580754278
-3.0456617900319403
-1.858817694250221
-1.6724351212506519
-1.2911746248460043
-1.1612259190957999
-2.9022797249667356
-1.9554012325511652
-10.466757957359462
-1.1667871723556122
-1.9143902067616594
-2.110810152784614
-3.328634690046929
-1.879792955057696
-0.7855223666873468
-3.8015886469328155
-4.670857126304883
-39.81699044810641
-3.5199782006746796
-4.4593519252107185
-6.336041544687157
-4.508473103120924
-14.312032355811125
-3.5367371937918195
-3.1324465639013788
-4.046855002977033
-3.8719655437581237
-6.087040768427774
-4.320399258472028
-5.055661770613241
-4.548873587825649
-2.0590697687969843
-3.129782700488961
-2.2523132167833397
-1.575947326491896
-3.0580348506588493
-1.6458366765432697
-2.0249196019886693
-2.4274079923878094
-2.528979435777292
-2.8252256773198035
-3.4502117386662112
-3.2250257954386403
-1.9777693487373185
-2.9721990484547183
-3.4338753927915047
-3.214010253760964
-3.4954003221609966
-3.347744068696477
-3.8796424987266462
-2.434358837033934
-2.8824737773326525
-2.342788344572607
-3.1806199415285774
-2.976764822734356
-2.2778849746665575
-2.7413415768432086
-2.1082951011682534
-1.5138258573971692
-3.2531357582534373
-2.1389316212553533
-3.151629735284798
-2.8982163724900856
-3.021951915375889
-1.2416077154049066
-1.2053064251852508
-2.4019022922101425
-2.2701151169184586
-3.1414881809999553
-2.100188301376533
-1.8990236083582683
-0.40764475308421055
-0.7076611848405194
-1.1806899853665398
-1.9402143346055711
-1.197500341666864
-0.0638833052762775
-0.8634203077225618
-0.9817055804263799
-1.090412664516677
-1.5347884766614706
-2.3363370060517115
-1.0579933609341563
-1.0945443894085487
-0.40480585559830085
-0.12100748220893076
0.009416756149073224
-1.6426426491313109
-1.8965305975855635
-2.565460421446711
-2.011731014999874
-2.3252932258987173
-1.9181191880957527
-2.318606611014034
-0.5371677989707673
-0.8463143352419138
-0.15247179426190682
-0.4125943133899306
-0.42006260136204665
-0.21169739820559708
0.00013216290064099745
-0.5018374022177114
-0.08718059323665928
-0.36918410416785685
-0.7728648505684327
-1.2480561877874066
-1.7728247444701082
-0.6297933561429386
-1.8423729333175975
-0.3941708576257007
-1.380354367036372
-0.6989851228855559
-0.8873722893018272
-0.2807966904224197
-0.8063747160136697
-1.0782394117551528
0.17598517862831375
-0.15049690902543955
-0.459644743778433
-0.5580236473133149
-0.3177749509165658
-0.5883899495924518
0.08143055823693768
-2.0049749479467645
-0.6810337051985189
-1.7137327240289486
0.018789633885025525
-1.9092013953886933
-1.805359620525759
-0.023463303179322548
-0.8173515004158621
-0.9536559934200417
-0.8957411700688943
-1.2449710296286898
-1.316186449646949
-1.8524423031425101
-1.9861418078423814
-2.1338332241984705
0.013053027939673889
-2.5951822517113685
-5.655788187578007
-1.3450684446406849
-2.802344674764201
-0.24811033033758312
-2.7590459885355085
-4.730938345531003
-5.630892743278916
-15.016914790595642
-6.844817819535733
-6.569146584195704
-7.185745795850333
-7.0023799027887454
-6.5959892292128295
-6.310834747625202
-5.66818876679428
-2.170740086512022
-4.409241324683885
-2.428007920240205
-4.561658442356002
-2.8108934671229986
-3.9841930871481703
-1.300652132844477
-3.235809390471008
-4.145859297538175
-4.467362525155536
-4.27661568280527
-2.9568286773413424
-2.9034267394636584
-3.1792493640618993
-5.318363617990312
-3.5712123049041264
-4.440355828750878
-3.3297551433574415
-2.974513349324272
-1.6664985760105784
-1.9591343180559821
-4.338930273601786
-5.217122557670267
-6.390354712590575
-3.660903813528752
-4.9938082470179825
-4.254280475681339
-3.153157269275164
-2.475768876533955
-6.353699457496406
-4.306582354986418
-3.6483396114855995
-0.6820360269808863
-1.6203025575503716
-3.0582976110472035
-2.677051575734322
-1.2628360892329369
-2.474516257117422
0.1808698322999569
-0.7721673912250778
-1.2420186476129291
-2.854805720654626
-0.37673956001829356
-2.164484615558137
-1.8964887544823215
0.36745931662743425
-0.8214974683274846
-0.35211981438504203
-0.8789629267832899
-3.7267888924324257
-1.3385373426166711
0.6600107029986855
-1.207300535819185
-1.001906603486901
-1.3831928171465777
-0.7930080501393718
-1.1387076633895443
-2.34522943963328
-2.3753202774918947
-2.2237958367777355
-1.0742372580474493
-1.7278160940241079
0.145415929406719
-0.20003755332591555
0.6287904808750966
-1.928372124807145
-1.2205729164841286
-0.0426418188894353
-0.8514878063726579
-0.9243050849996519
-1.0564397923157878
-0.9958754430531229
-0.42009225396688143
-1.1246325969095343
-1.166798655922217
-1.5965647062780344
-0.8650699971088511
-1.4631812237905484
-1.7578275015788782
-0.42422306894821216
-1.866425678449996
-1.356421891935791
-5.225872877669211
-1.4342439025261748
-1.3861104828113064
-2.6232446069568396
-4.566017183807213
-2.369376214871181
-2.792645699140923
-2.027674176958079
-1.7845391685944045
-1.9315021265416075
-2.103578568148736
-2.363792990070455
-2.969599941774894
-1.796581650513108
-2.8905685426207857
-2.162272712752846
-2.369653693143123
-3.7652900977121493
-0.4689640965980212
-4.441295562965952
-1.2847016177925605
-0.8168079121710803
-0.4526336449679633
-1.1257473983503876
-0.5587793232178483
-0.9715390763233117
-2.4681234114114203
-2.2048232406868298
-0.8068614439653871
-1.3079733721846711
-1.130548228319891
-1.2529066287241881
-0.6867863721996544
-0.996262807999971
-1.144899136320375
-1.3303515914486086
-2.451257027298212
-1.5045620118860794
0.25962019845005035
-0.23643430913581298
-1.145619115765515
-1.7123303592717274
-1.5410856135111937
-1.1766435326368083
-0.8096934083111917
-0.8046135408946644
-1.1449089594294013
-0.7342533953189857
0.22947695133276236
-0.32870402509727814
-0.18751123798048552
-1.488352844690282
-0.2380924422216314
-0.47009197385795454
-0.49233564284630227
-0.3418292855521021
-0.27438596772216495
-0.8948104496349916
-0.5685514265714857
-1.7762283433644739
-1.3958692258236307
-1.8607071959804748
-0.4041567081036056
-2.336092958087102
-1.8052204092520592
-2.121727799601233
-0.2672151798767384
-0.22981959990412082
-0.993578991500507
-1.7732364106995524
-1.6380093470836696
-1.1186604926567523
-0.711671846918762
-0.3302664213453723
-0.6038526219421412
-0.4704948469178465
-1.0928740917630493
-1.0378292084454257
0.0828181099994103
-1.0686600118279466
-1.7828920294905333
-1.3129209245738245
-0.7185328956771007
-2.5498044443074606
-1.6092846369388094
-0.5002595520505384
-1.833262044580577
-1.7870477662359696
-0.38398218752133506
-0.42322369553622496
-0.445770731440822
-0.1227211188087236
-0.21602243952888012
-2.005029930667159
-0.07619906594666004
-0.01728330635224895
-0.902714850508921
-0.21127083332650554
-0.8285705282175911
-2.2816232404131442
-0.5361257181186236
-0.35035730720683944
-1.1171436016463336
-1.4125846417113204
-2.1171125659830867
-1.6091869619370727
-0.38025133390165955
-0.4588715527582288
-0.9182627060463016
-0.6527165169703466
-0.9225183947924531
-1.1339117136175445
-0.27533595293015156
-0.4659987114214641
-0.7936665108396345
-0.775411515125383
-1.009852460294963
-0.17756734155428822
-0.22720353506288482
-0.7973970030397182
-0.48296352137190846
0.7026665839146167
-0.7233569180654998
-0.6834804600266138
-0.06833505620008151
-2.214392122479774
-0.20203875112285086
-0.7611903230411301
-0.7630071366398301
0.24507661370249756
-1.3337595285748425
-0.3392101873463653
0.39003486022213507
-0.5249902661405502
0.2779717667152468
-0.7152164929434666
-0.7680986356188841
-0.21988022780526773
-0.4611691735349589
-0.24953362698046133
-0.8709544522321478
-1.0675874168667951
-0.9441902205801271
-1.2480527485720807
-0.8951250588834917
-0.4533623550947119
-0.43047033797297585
-0.44169240055170966
-1.126818229882047
-0.8458731560111047
-0.808681407114492
0.028033377730595443
-0.6443065103779851
-1.552211995546397
-0.8417066941812708
0.22642736521797668
-0.7355265780625264
-0.43729117799861017
-1.8692395485285669
-0.47344377581806474
-0.3735707131375865
-0.6576532599100202
-1.3910484241995325
-2.319801318725105
-0.773902707762085
-0.8486904590958733
-0.6403735105699568
-0.8997244116496302
-2.9281076714970764
-1.0719009170793001
-0.11892325888512356
-0.12183407014033898
-0.08688637991870585
-2.1391396983458355
-0.5323087031945278
-0.9360737442647401
-0.9544496624581518
-0.5952576491792364
-0.4667028073774029
-0.5132758840400499
-0.37192264719555557
-0.12434146607046226
-0.4300997444503013
-0.8986490443842488
-1.051636434610311
-1.477503068884835
-0.9798542970282366
-0.6820225648867593
-1.9455783407228702
-2.1561963116719056
-2.28445445288904
-0.721409191551308
-1.0433693233290686
-1.5002114680088128
-1.0224660276820285
-1.5407576961784324
-1.9632206720846406
-1.376490625845269
-0.4146508244272189
-0.7554882538232486
0.3777829420535481
0.43721942458177776
0.7761621693517875
-2.410533182396241
-0.691784289398544
0.29533640906214775
-0.0769294214788816
1.0629677211269746
-0.7029183382457119
0.660254901922039
-1.6094885411152309
-1.285741947280243
-1.7652110628550877
-1.666611454277609
-0.8103976451034358
-0.7145581955232987
-0.48978646115710656
-0.8011282279814294
-0.8630827790471955
-1.125208341712754
-0.391972985303647
0.30838175050107464
0.384083052935545
-0.203661423291
0.3213678155867019
1.8057287541398948
0.15753822088179437
-0.10652456166471214
1.2749612566065047
-0.29486446413397827
0.9175827905301284
1.769412904875972
-0.1205107779093082
3.8149775484604787
-2.409965288053579
-40.22846093809853
-1.3666316264151208
-0.4065960392014464
0.14896637732659546
0.658881773060811
4.179120092094097
1.0414607474201647
-2.401929608962928
-0.6474115966418749
-30.390748647468076
-0.045618283824412686
0.10800064994922365
0.5078325589166901
-74.58824873964642
-125.03058590873886
-9.168997436307995
-4.788064205575111
2.1866983752181217
-127.45044165084045
-3.1313393636227898
-11.52937059161781
-17.081102926916753
-3.045385555399581
-4.201537505305681
-148.61847392820366
-7.48612769712802
-8.158563388182106
-104.57198865364619
-9.076079866854435
-5.02215892499002
-6.746445603138456
-32.2711418076794
-9.917858467011714
-3.679834512655937
-3.716514534910524
-18.336415489330268
2.532328561800844
-6.704228402471169
-12.33852772732964
0.9662549771113929
-12.137815679096308
-0.22778424375504258
-7.634841313437869
2.0149320560752706
1.6664511856455353
0.14773205606266826
4.020016186160811
0.618209999198094
-0.44522506807527484
0.665436499688774
6.6824726938822625
-0.8863565606788792
-0.5669624982470812
5.514817889186862
5.874169423576445
-0.8084657138405952
1.4399063453146592
-1.178921416837723
0.9299639068100767
1.0574527885764837
1.1932951868188861
0.299165974009473
0.10808372397286359
0.31517689242896685
-0.5011818430932873
-0.3882516895442585
5.568608721583924
0.08510448446373187
0.6107436048022168
-0.2711672815916417
1.8099675864751141
0.5604539033277907
-0.06979483264870967
0.2526531063465738
0.7016735953657582
-0.32088517394351435
6.1172540225330705
6.454145890223483
-0.9446155165558043
2.808042756017297
7.774367110456648
-0.300004542238389
-1.1511581086069334
6.564063408882046
1.4622633275470363
-1.5708782864358906
0.4037064262945216
-1.9595627185416706
0.18908620977083435
-0.9167733439685144
0.6019450261884711
0.43502144931318965
0.35590827067134234
-1.0076405072174957
-1.198119016733021
-0.8702596619998395
1.781567013543099
-0.5445395933861554
-0.2340127484610599
-0.5752761829343326
3.2199696689656294
-0.4324163032819818
-0.7559781360502058
-0.1993761648299779
-0.296282790970367
-0.9591990529211835
-0.5906622162231537
-0.026581996018182896
-0.5482128381505598
-1.2471580384063197
-0.9503889461526009
-0.5950453478011004
-0.11835686552439073
0.033177797557784716
-1.6905325803613924
0.24513038774020934
1.9563506598938258
-1.055238860968304
-1.2250009480677548
-1.664236870211047
-1.286714346524946
-1.5116761566375678
0.6173007765517873
-0.87480514148312
0.6637700081079096
1.509715970526719
1.0764009010673035
-0.7413059918737668
1.0389094665038097
-1.447201886560768
-2.4741063717709224
-0.9509841959628572
-1.4604399946505837
-0.5443930653485768
1.3543059867561453
1.863090450203046
2.0517042389046405
-0.9150043611483023
1.8211560868065213
-0.9163286880217488
1.8084038739061583
-3.13007382684977
-2.4661991333186157
-2.7370264960254205
-1.1485520603166268
-2.1381093911428364
0.4278155602919864
-1.879221964584045
-2.5482743580195457
0.8167046836943663
2.261627595756046
2.3532020124274626
-1.9365752445054236
-0.2857840535361318
-0.7650425388359793
-0.8971973459571606
-0.9594361319911253
-0.351964699502726
-1.1566636958165732
-2.6350523696622514
-0.8255772557700982
-2.7031916296227534
-0.36441497416204616
-0.965431366164546
-3.0909992581196133
-1.477267201454688
-0.5329025737481788
-1.6259925069014245
-1.206768319025946
-0.3076889798217459
-3.4355390497259792
-0.12789576525489266
-0.6542267014971004
-1.8461347191350872
-2.6546979255968077
-3.1377907738182698
-0.42159688845556265
-0.636766261522969
-1.9818838764267674
-3.471907342781003
-0.871024578480672
-2.6943027304684106
-3.364724062990317
-4.668955358837108
-12.330504212454269
-21.261411707983513
-9.614369067953277
-8.86027090257655
-10.752077083346512
-12.688688461366576
-11.688839190543941
-8.120383374105323
-3.4292638032616454
-13.071832339478965
-10.012545824849667
-12.869551008177924
-2.028181006835151
-3.008536506388959
-9.18742949273251
-4.851978297800449
-8.750697984450962
-6.097620742210499
-12.030836775325863
-5.395835613617985
-10.544585709062874
-5.354101582500461
-3.8026677695419657
-5.532951950852447
-2.976727111956104
-3.9075659429160083
-3.0754121496450786
-2.9344326691759455
-3.0031324264593424
-2.796927713034052
-1.5924389915131032
-2.3157193544736767
-2.1910261357917147
-1.9183042932705314
-0.8973981417277827
-1.393783668934676
-1.8478672830833067
-0.7940929140473413
-2.2869264550598674
-2.0140481124501672
-3.963369429251797
-2.5387005231094832
-4.2008715296840915
-1.6114979746695615
-2.9752027577180415
-4.126425255910882
-4.262579862807565
-1.9710214396025982
-3.8886569763397203
-4.049878765334689
-3.585045259627049
-3.2200827195476736
-4.048335573551864
-2.9389714655925854
-3.204967135018378
-3.1115450688333555
-1.1245226475854877
-3.732597588326863
-3.4202849121075127
-3.0697547221483346
-3.2705268772241363
-2.4907523677530694
-3.1187541587717527
-3.3950730945523824
-3.5489162043826665
-3.491800099684082
-3.786474737566586
-3.1182269616227885
-3.0404607075300705
-3.315808030532091
-3.1683030161031844
-2.7249478911302685
-0.37294816112409923
-2.603848594124738
-2.987409753938786
-1.1469244059398767
-1.3706723259054125
-2.9313238103802655
-0.3177832817702251
-0.36157894418264447
-3.464046912195779
-3.612106237865984
-3.3700272007077015
-3.400285252357523
-3.2614925659702485
-3.4338120327002044
-3.374631992889488
-3.9188059614039945
-3.3553268979792468
-3.746413581739492
-3.8620844207291154
-3.349823485767778
-2.796494120531717
-3.812670672434068
-3.249043595993269
-3.4313237305041393
-3.8741492521079883
-3.80914763016844
-3.47645509177134
-3.527520663281459
-3.801411158225074
-3.0941928576423487
-3.238333039885388
-3.248972264205415
-3.038915723042563
-3.586580024893085
-2.8896675298698247
-2.77342220602588
-2.8327106991084294
-3.5482217175668738
-3.292241989807459
-3.3796320949637626
-3.336527220418795
-2.9825897785130246
-3.3557935823809064
-3.340830949440537
-3.213890114710975
-0.36877573370916017
-0.57292471803816
-2.9652820722882947
-0.9801827331430578
-3.4224625344953163
-3.106790319635846
-2.791007640414719
-1.4245249543983147
-0.8406037381713578
-1.6971250804867588
-0.317611215171714
-3.25610885996946
-3.241106506809283
-2.5482924103653053
-2.6942027531585957
-0.981780137610931
-1.2125339489616462
-0.7519653872040436
-2.5907925711687714
-2.273732773337204
-1.1077284834917334
-1.0315263379404795
-2.283941188504296
-2.138402715297805
-3.2841011027984
-3.3927436093649233
-3.1676816721279173
-1.0852700418976604
-3.051474252390053
-2.3495528442629907
-0.5859621259327968
-0.3994899016698654
-1.0961096647729467
-0.2595342565011227
-1.9335033129000414
-0.5022540022547695
-1.279986152902245
-0.7594210913398598
0.043455266106874335
-0.971946886409696
-0.825915457115817
-2.3821156943946447
-2.620704070235293
-2.065258751530898
-0.7381426338503769
-0.6758049941975625
-3.043533716251452
-2.7172736136487985
-1.6515054482258857
-2.249667657573278
-3.0983686364985363
-2.7916624147458164
-0.8623838791133202
-2.702397934228026
-0.6342585400640955
-1.0506752887554465
-3.171497001266728
-1.8309549518600108
-3.0736561236387705
-1.1270304755335667
-1.8155602527670558
-1.5015587787851694
-2.0757683741532165
-1.3891824445749337
-2.6824563618420334
-3.27011239801611
-3.220086813654132
-2.7996803944334383
-1.2548546426153435
-2.686818069482531
-2.1168951987233027
-1.1775752501462886
-2.943601697879948
-2.6877803080395486
-3.077072703994967
-0.885939063590795
-3.004408957218752
-2.5991019029356544
-0.8772174741756169
-3.064893007849342
-3.7531263644301034
-3.1843836048170937
-1.1052796372876792
-1.4078042989795414
-2.4082123225418224
-1.4221383873100097
-2.032763497591019
-3.0008151789826805
-3.2474472476089726
-2.7719399315826596
-2.6168337130260944
-1.286247069488901
-3.123184538056395
-1.7267337453513174
-1.0788744905137755
-1.698286593149108
-1.1203565375190232
-3.5762852464672163
-3.6819227547651785
-3.30216051572577
-3.548511737458407
-3.613992664402659
-2.1557777232273185
-3.10869372255712
-1.841193327199824
-3.739198196806014
-3.3158085042710113
-2.653342676735093
-0.9892550121452657
-2.971875878706284
-3.720963351887341
-3.846670165244578
-3.724720049607567
-3.7984514486063268
-3.7757833438261086
-2.1021961283410606
-1.7888885543234645
-1.9399832612052545
-3.7289880676269522
-3.6982188781499867
-2.2193717721421278
-3.804604386181879
-3.659094694231948
-2.1664388103516146
-2.2629645578910886
-3.5948861932894207
-4.286267623205356
-3.893913056671777
-2.012476649678393
-3.868083725828677
-3.949838846736589
-3.6414194141526726
-3.8071628298196774
-1.93725947570118
-3.721499771070353
-3.5070469573399525
-3.1533522671942293
-2.641538852531463
-3.821598465117782
-2.228445970880798
-2.4934686903928704
-3.3848913352433585
-3.2646906494101686
-2.170969963795196
-3.5935025684800936
-3.5870126965958615
-3.473374066765264
-3.725218760420255
-1.8442893249091368
-2.176050006540511
-1.9766172640218063
-3.437404261311051
-1.8835485561937095
-3.515777432967755
-1.751236417500146
-3.612553384462372
-3.3183239259868866
-3.0704448920488354
-3.2995902665536465
-3.87908645041256
-3.5508216089097164
-3.1523246812255414
-1.3926133727850396
-1.874700160556472
-1.7088871191643968
-3.930925854722038
-2.04261679063365
-3.638753046425059
-1.705605332341667
-3.594145442650345
-3.7807963978769257
-1.875016614591704
-3.595260904864099
-2.367803355041273
-2.372585040727942
-2.470375391833332
-2.3917954656425873
-3.8265187698354337
-2.4262601096592844
-3.8022645720634616
-3.946725371039163
-3.934683437641361
-4.033120406765491
-2.512900345264002
-2.7229268118366585
-4.128253921451049
-4.131493161850302
-2.41149065303927
-2.365825189081951
-2.6725037198110186
-4.366244136305605
-3.1788721493296315
-4.401505965869717
-3.838892135014757
-2.4233721098434176
-3.8990062853569816
-4.00772560560517
-3.9533142326104764
-2.3311324184536923
-2.2384530258644366
-2.591731987197571
-3.9281781712447588
-2.2844304947151493
-2.4386261682870503
-2.4632348426062025
-3.607189349409815
-2.071488950144812
-2.0927386168820488
-3.6002699887808403
-3.747825268158223
-2.1938333642302705
-3.629054770131904
-2.3924562367262956
-3.946819106288895
-1.9335822562606362
-1.7532333692333988
-2.86414731175336
-1.6947301338184633
-1.3285428358145692
-3.0626357985753567
-1.7647065469715744
-0.8269330383427443
-2.070651756004742
-1.3925402860544667
-1.9465812298726912
-3.2674875986060763
-3.594507489656009
-2.120840444680615
-3.6060224603043567
-1.965793173811086
-2.4890954156654597
-3.4758100067579987
-1.797872700084797
-3.7072832634051656
-3.328810259060934
-3.7628425401991925
-2.6508121721632785
-3.4591620663249234
-1.5185892320514358
-1.65747885198798
-3.1659067722540346
-3.3812027371864137
-1.4735191258682536
-2.945703109782812
-1.9740348743262404
-3.355801137436804
-3.4422471337810467
-3.398510329762475
-3.134859424935654
-1.7576057075832505
-3.3203021540717086
-1.6042733993365725
-1.5613003976804531
-2.0084754402451224
-1.6447949628847014
-3.528097591201466
-1.048331657025345
-3.53239111334955
-3.36417444196219
-3.2553559268928756
-3.1361059676399456
-1.2010326783563947
-1.157880975590011
-1.891891742612545
-3.070195002105087
-1.4341740247402335
-0.07757079848881787
-3.1090905462764207
-3.5337590397493903
-3.5142808248624204
-1.625063403931756
0.03782021392105883
-1.726821745264966
-2.935974534652971
-1.3730402095100513
-3.2570830149540377
-3.3394704383146014
-1.888017550804964
-3.4699317413251847
-3.9105557014957353
-3.197079135101446
-2.8480595928933474
-2.8710617047352724
-3.489016464561224
-1.9069875451037657
-3.7165876936071265
-1.7191571941217403
-3.4759931804730266
-1.7610535525094022
-3.4536358102622136
-3.5927328774090848
-3.4798994784862733
-3.56962400634897
-1.9618597255491992
-3.5350417154983926
-3.3884775171037775
-3.427610259693116
-1.3162293822523208
-3.2544509481154376
-3.3909775478908166
-3.333851802422821
-3.799765140462667
-1.418517433907215
-2.7292853869727507
-1.930130528627894
-1.674970792741202
-1.8389698980630675
-1.9611429471038284
-0.22590538057374632
-1.8424525910258893
-1.4313832741454249
-2.914842874824691
-2.5778848369972156
-1.694276513033547
-3.406035350854665
-2.1485006124073007
-1.3746105539531732
-3.2744656364526605
-3.698942052705836
-3.322711582887918
-2.8732055220383517
-3.401936762323758
-1.532295940070104
-1.575431955781455
-2.8098347474612897
-1.820600526568167
-2.7216361396663524
-1.7130833070253357
-3.446731630927574
-3.2586889645064585
-2.8898772470802068
-2.2956889134213956
-2.2119879137504252
-1.817924365033087
-1.0591146816282229
-1.4944320412582415
-2.32837771299202
-0.15489167269567483
0.6603656398002045
-0.6980438656678121
-0.7265875199198131
-1.8204765030024572
-1.2015125791809225
-0.8788367830157873
-1.2170830992820376
-0.5071903624978552
0.3600222804633266
-0.9669061899129298
-1.3787907336036036
-1.4483414052389563
-1.2193696646063252
-1.2337898476021365
-0.4160804798947648
-1.6639861785375216
-1.4567192414024257
-1.21933591326846
-0.8136912543134166
-1.0550754218441434
-0.8890498608679795
-0.9485869256772562
-0.6543726593926553
-0.9576478338775516
-1.2958778060233858
-1.0659258001769591
-1.1526020125203469
-0.8912750818437604
-1.015707709590591
-1.3838068270132244
-1.1130536110904075
-1.0893151036797424
-0.8992531618101456
-1.2599039918241717
-1.4694456819078583
-1.0576081662235481
-0.8580060565985447
-0.8851814197256463
-0.8660035138207971
-1.1405173388288063
-0.9550139667261394
-1.0876651701616764
-0.9962778348335997
-1.2476081569182358
-1.0666359689668752
-1.2253967965729542
-1.1186033676682667
-1.0403349939386057
-0.7397944431478785
-1.621861585831891
-0.998177159129642
-1.7404081441983588
-1.2785501504697199
-1.3205738245192924
-1.0725049814662604
-1.7265189925956836
-1.4917254063707477
-0.9410979062995531
-0.42119193837108926
-2.0046304327519615
-0.8309440776873376
-0.5722599130671793
-1.261542330065125
-1.4797459583630141
-0.23679528145678397
5.440409841929484
-0.897609074688516
-1.0493314611005269
-1.9497928711765748
-0.8753127626795345
0.21471087645056453
-0.9341207532112789
-0.494211601007263
-1.0080367484030603
-0.8575462415573134
-0.7834686022813762
-2.515568140249081
-1.6109688798841075
-0.6276071193125097
-4.646995098231361
-0.635955105274294
-0.07827725439083877
-1.137178291942419
-1.9267835442127377
-1.060155973960954
-1.2066458496804333
0.12453805804345675
-2.0079301245206342
-2.3035513569681614
-1.3355535782872865
-1.185660572633769
-0.34008073232515046
-0.45295799347944554
-1.0140920740611226
-1.2042470847456144
-1.0495645984390276
-1.5243335478845985
-0.28518731354561166
-1.3280786067266022
-0.901376938984188
-0.5817843859487515
1.341610395692638
-0.7658983182869854
4.040062228621914
-0.10385570900708974
-0.8838737380843014
-0.605402769125376
3.812023051991634
0.5563294896877704
-0.05725858075055312
-7.541965212851762
0.09378252924249275
0.0005143313519653248
-1.4642198065333065
-0.8621099788285798
-24.360913683743217
-0.17993629692494972
-0.3422655983394973
1.0597255293956644
-3.415932501958992
-1.3390179264734776
-3.022264516837581
-2.6564256340085226
-0.6643392214880631
0.622454444358125
3.7014429063657035
4.385282917255538
4.027859576486048
-0.32128802706176807
0.25197542281249086
-0.01945993315083039
3.0759583435493223
4.746947020541128
2.412924077291816
5.980577389713375
1.1917139772915584
-1.707005256621167
0.826762731368498
5.9334787100140645
2.560245894787832
4.563385131405662
3.0972458055223457
1.0280544796840587
6.074667563816525
1.6637458904739466
0.6637828660160303
-1.1794856370775955
-26.86025950986054
1.2367598018487853
2.340912571705605
2.9530585131042946
8.103019988778977
-0.3844507934090967
-2.288737124282867
0.2947773896610959
0.24664519783792316
1.539112385888585
0.7818847027939837
4.468348422795538
-2.3636155617417174
-1.5537892040784218
-1.6592950591854754
-1.2267748538913845
-2.3314173545800143
-1.6123630709430832
6.699942457941443
-2.1494923798527275
-1.36143473249899
1.6994816945126874
-2.4225940712578597
-1.8217977334118154
-1.7507272477416953
0.8107737480017014
1.9308544149597475
2.5664995191494624
-2.5664363037352453
-2.1275744139306885
-2.3588784995637826
6.259838230792901
-2.6427575331038495
-3.310044411651168
-0.4584996054613333
-0.4219419423149302
0.5584161512330164
-3.545657158544287
-1.107941514817376
-2.2548185772163167
-0.04181823320376532
0.6413136018877843
0.31640869851161857
-2.173404922961257
-2.1464259950326112
-1.7473144477944182
-1.693209477651261
0.6648086876077566
-0.762887424161657
-2.1589142275784807
-0.43136512872390487
1.05153711685274
1.3460094650238745
0.7824451036658149
-1.159280675613009
-1.0239517916714134
0.014889483714477514
3.0013873314081385
-2.9928497887179257
-3.3202887678282966
0.44105715795420086
1.778641954086412
0.21231424258028686
-1.6705992401428529
-0.7265826388516776
-1.2312997053321446
-0.8851075796037903
-0.7284132477007814
-1.794176671285801
-1.4817521714585198
-0.4512218646518894
-0.8217682950587475
1.2989755185314742
-1.5461257779169824
-1.815716382187483
-1.307971989066032
0.43284372250859726
-0.900834384315337
4.56892165829117
1.0241972363051048
-1.1656297410347798
-23.330209525336826
8.597231698778764
2.8575726983323744
4.629367756012202
-25.7534350160348
2.93967149787769
6.1096349382232855
2.4944082691160343
2.021347329627721
5.141838210924217
0.3576455299686643
-35.83483960644682
-3.643568658681668
-1.104927504557727
-0.20066622127157918
-1.0484062783991277
-1.8254454681773962
-2.366849692236633
-2.881380318560951
-0.21985008292024188
-3.517726388304144
-2.8931527887036435
-3.3233747408545287
-2.3202665362438792
-3.6950275297512603
-3.168365473951522
-3.771794169725852
-3.2437270234851154
-4.393117625179388
-4.473545814481255
-4.084300395556959
-4.4419596789721405
-3.9250408989662944
-3.399812573363074
0.10217729670492148
4.27852217645074
-0.7852329493692893
-11.040420435871926
-1.609548420182117
-4.547392632538452
-10.330893398205207
0.525172875937697
3.6563386291669087
0.12991581743024816
-52.10487272803143
-35.397241418402004
-36.993385866840086
-39.50818869364089
-4.012800617106262
-41.56428984237753
-2.31261325371948
-33.29326835835608
-3.250849037256099
-16.662746596424846
-4.728342893346252
-1.9746109426114722
-2.3316695531979192
-2.66606248609846
1.0201552354296846
-3.6411649457601207
-3.5087772688983616
-4.9045422790609265
-1.9641374364669129
-5.3854560602611565
-2.3200636886389336
-5.663070968670692
0.7077695913879838
-4.1652633444828275
-4.464843212622526
-7.528377374358474
-2.497223064760989
-1.0796102520364046
-4.52586970843561
-5.3727232422816265
-5.5211725531783875
-4.778927566785367
-3.5114763376082663
-3.7262899759765706
-4.888440760498714
-6.626148885762943
-5.496863543556381
-4.4540137013085195
-2.930013839882485
-4.412124974752777
-6.5869345888334
-5.7310702733621
-3.824234359698994
-5.063518095830457
-6.856463708637901
-2.161139225014796
5.714850112767889
6.712861993656176
-3.7306931684805664
-3.7054047741175924
-3.6164449816408233
-4.915389795144398
-5.54189096318042
-4.347279825345458
-1.531543850370374
-3.1308423746892577
-5.3362920219631205
-5.384375564088425
-4.540956149785471
-3.458334510980175
-2.5174081470749003
-2.3775598533991746
-3.4029400559241543
-4.95491522002034
-4.926942275512344
-2.029873921285072
-2.212362956684701
-3.922453183267652
-2.0154279002727367
-3.67885841633907
-3.539590772708878
-1.6634334256139933
-2.798716245468706
-1.7837388643411316
-3.089510746287183
-0.4158914106730387
-3.031138657249511
-1.8583802542227
-2.8314200138449674
-0.7240312415504204
-2.9368188788027014
-0.40271405791926207
-2.226271913822739
-1.3535266656068465
-0.7653828486924369
-0.9364965446336805
-1.4091849857388667
-1.720463654447422
-1.1128564238039143
-0.3202401344571265
-1.5597368395552038
-23.133820306782926
-3.360221560760092
-4.423342836645745
-1.2188950026109788
23.189520864898473
-3.189296795285619
-2.3191332753704224
9.591688182042294
-5.46252057212545
6.9588458425089055
-25.77803397084525
1.1059513086210893
-1.8134473832643923
7.179060618079461
1.0662875605567064
-3.480779906366018
-25.772794180208656
-26.145697519972924
7.642438666717457
-0.3006909635706475
-2.8755383053645507
3.3293495360116134
5.77093613139912
5.1924714133961025
-2.23409886383638
-39.53872982616488
-17.568543518147397
-0.8047200018968452
-24.434681460951776
6.170859000081194
-0.30698453842848683
-9.816093434671572
-2.748867987545207
-2.0820766862879205
-1.0086174641319854
-2.0877096435024063
0.12890540728904143
-1.7363649682433677
-3.2332626147499943
-2.3419158101289854
-57.141136576004904
5.45452593071836
-62.75249527230238
1.4656479596155871
0.16310953810376128
3.610815217540286
-61.60570618140361
-33.257788720357844
1.4455349585809607
-0.25709510741227704
-2.3154501087162664
39.59838443501142
-4.056301182231557
-5.125589713240667
-1.3368433457507476
10.626898211379222
-4.620200438062353
5.6972433104510465
11.754806547138836
-3.1858311419042677
12.479990698475383
0.7009675907970743
-1.7824685523957042
-6.320399170881758
-3.357485681157559
-5.230296561113868
-4.770685509693029
15.275279706828293
-4.935125850807568
1.1790299560160657
-4.271190279689307
-6.066516392602898
-5.185448854028556
-4.020221953023228
-0.8128004779759794
-2.533026310262584
-4.700761588236238
-4.898251694896572
-5.136717332898017
-3.620766937836074
-3.529700969974823
2.3721839308546246
-2.958545325727516
-2.4471888550706256
-3.921709474164371
-3.8686821354037786
-1.8500731621012114
-2.971460170489422
-5.02986868123586
-5.789321731761098
-3.6739198276288825
-3.5538109353668994
