-1.737107695059351
-7.856735975722247
-39.46571278480086
-12.534486148395677
-15.366806411182171
-11.864566221024356
-1.8421087685629405
-23.896139948264885
-24.340518750294052
-43.27529106213227
-9.16449271218485
-65.74260405096506
-10.842219130901876
-2.5101978550811452
-26.81618053034114
-65.50847832316988
-94.53949833651143
-84.70861440105988
-5.291666977318004
-2.751054664708962
-20.66310095168915
-10.751737722632143
-94.66684814609341
-37.3780898216987
-3.0850492736591666
-10.334852055029717
-1.7379734731041054
-12.422161314579029
-15.724849974661087
-5.266451020683916
-37.6521528166386
-30.325415406458355
-1.8992701840353892
-2.469652826107811
-4.698674820165991
-8.274353796680897
-8.819004772890947
-19.272120393254163
-1.0472878135987644
-2.1612594465014383
-0.6969721967814102
1.8278881234074205
-0.1952236222033562
-2.463193322500269
-7.357025215491596
-10.928650268807194
-4.354989110041602
-3.0593623761479676
-1.0556661483918293
-3.453429456004832
-2.535620719129197
-7.325563434713937
-15.52263747003958
-2.5033433326684422
-0.7479953469370523
-5.555631459879
-4.928265389172708
-6.267210813187384
-2.1383844515472563
-0.1227155967045157
-2.0985401446996375
-4.869750522399967
-4.6362533502992544
-1.3632780447824755
-21.580009584189916
-4.270545637521931
-9.940396968022371
-7.573660017926884
-1.5601358109672514
-6.114963000703854
-4.635144063261716
-3.777029083650013
1.190047481379862
-2.7577765300735164
-0.44687241159106217
0.968431832812672
-0.35169133249136286
0.39694472169418615
-3.302663135427456
-2.849462145646985
-6.019342230862163
-2.178484634766308
-3.425158137950194
-3.3749765187914673
-2.83409320855285
-0.5184284151299587
-0.8754942745837717
2.4772339949397275
-3.998317618877092
-6.153099109675318
0.3624566372906155
1.2301210420501407
1.292358486530782
-0.23387516530107044
-2.157650782217826
-1.1551245310812042
-0.9821991821519674
-3.906513926373859
-3.65356660797799
-3.8567250794187733
-9.724717221784866
-1.4322354394476076
-4.357685542634782
-2.6270106352486016
-21.14436559003122
-12.608465003972942
2.134080440776702
-5.083847611466271
-4.6737969521390355
-0.6446147537444438
-4.749838645816549
-1.281358787877588
-2.1605679245787353
-1.6588604799218267
-0.24025513784147745
-0.9218706494899387
1.1276495169950933
-23.93747889244212
-4.715026236922954
-5.819135327956808
-3.5488006606911333
-5.11362577118662
-2.443538011598068
1.0077621827445569
1.1947724933831219
-4.390005317965059
-0.9801685873630233
1.4331403319840597
1.6993816116390894
-6.85121922665236
-1.1446647738628175
0.41360098955436997
-3.1391289736374604
-8.153442725060515
-1.706635754481507
-1.9925880671181142
0.7791719349165205
-3.9979460908840143
-5.523704991425394
-5.1282202565016
-2.7933731430704163
-4.994713371644942
-9.242957980950948
-0.8832311753134283
0.04820661931292847
-1.9202728145673134
0.3408754545751391
3.666383815946684
3.18938993324523
0.6779005621013732
0.18753616126340322
-1.4308324704117321
-5.985105328623579
-0.24661734304224814
-2.132110344774553
-0.909952863994911
-1.6337858621290524
-4.720271711344063
0.45704282319837986
2.535307076401657
-6.817134858430192
-5.061553387740355
2.14030169697615
-2.1949810137391683
-6.122451509453835
-1.144633597523229
-2.952135947175593
3.238627151282783
-10.84631925488281
4.930796610011146
-0.02359636887462402
-2.050370683034423
-5.817864774813023
-3.109036168922343
-5.814899605782208
-3.127838713251008
-0.39344740773487863
-0.8574770464218301
-18.65266207815766
-0.9112202545787873
0.8670109313526106
-3.1659289090032745
-6.107435640371937
-0.6100262987341829
-14.12755543357042
-4.395965629391618
-7.253321559557931
-7.825517668601605
-11.560993843965118
-14.606659637510255
0.8231160858419138
-7.4850710991232985
2.0553224479381993
-23.39856532016633
-16.78699657978454
-1.2174539005648572
-3.38830853842512
-9.538251567971598
-13.045507971788288
-4.261536524717869
-5.679393223523454
-6.040875842968588
-6.036625833330063
0.9593692833931287
-1.9005333507113558
-1.6745889860021153
-1.5468690160454206
-0.3203913948455652
-3.471079322779993
-4.860529694541281
-3.9292988347207305
-2.046663531965413
-4.375557161912616
-7.4101697833063325
-3.495192337940388
-24.610301172109313
0.9606299401177996
-7.654020350585702
-5.553117361645019
-7.951619509667673
-4.8203257703407765
-3.0590255708131604
-2.00142331776018
-2.2610322505327702
-0.11094324409832113
-9.415952572091339
-6.93905599744454
-1.9304586004177673
-0.49889407462499424
1.784507816118297
-4.737757414203862
-2.419291571322023
-2.443378957323347
-4.376377149369587
-3.579603154712191
-2.9813219987230006
-7.070054635276373
-1.7953121488923607
0.17030790706249244
-3.6626141594916044
0.3196524962589051
3.892907027807113
-1.630031944957354
-2.049707325836984
-4.227106488439487
-0.38679911543998735
0.5775437414846891
-2.9847017983003727
1.766746624733099
-0.15325382400216003
-3.3978747519468517
-2.279431192501618
2.4623484677765552
-2.4819618974764874
-1.8552927494589317
-0.788543795524856
0.598549911253996
-2.12874514290325
1.573759854102553
1.8671918614654555
-4.270855698250442
-2.301992839517019
1.1761191936525641
-1.1197299636330382
-3.11236318092784
4.9752975353232705
1.540910176215256
-3.8087940864634824
1.4112391692866857
-6.5581656686462955
-4.318275089349028
-1.3968904377427642
2.2972647424713966
-6.6024831868354115
-2.862486591198114
0.3653864862332432
-1.3391766841759805
-1.5988995952798137
-10.144388857711833
-0.7304362496492711
-3.7946131654810857
-2.1409888129269645
-0.3597161957694699
-4.538277573036263
-0.6940915721530161
-5.2670212945898305
-0.690142855538445
-0.5776836706382564
-5.01362734870349
-0.6479907917165866
-4.773145292200634
-1.6803076086335365
1.6703592356691837
1.3529357252335332
2.7646551237377968
-2.4617808927545584
1.5844591308523945
1.5870964500330236
1.8719586894415459
-0.9527729290279743
-1.4926828342698593
-4.166691821445356
0.6877134559966145
-0.7397586824111356
-1.5581565835032283
-0.026384443902423338
-3.498716621350067
0.13319240930778053
-3.394108812839822
-0.3657688327035544
-2.758451779598506
-6.601316715060792
-1.804113786991297
1.3163006605515108
-4.43979644609905
-1.5796363443372503
1.9716040271508568
-1.0463556077630753
-1.383549511752201
-8.834139156069709
-0.7332995062582546
1.53436714740872
-1.4296060988119916
0.08296081382876186
-0.15237695178306288
-0.1642426038297934
6.280111481346472
-7.768145591325638
1.911175312277693
2.916452661754125
0.5198358951919468
0.31679491435453366
0.9889432809928613
-1.7282194509516264
-1.572867707446984
-0.28890232237099933
1.9633504881307737
-1.0457195445500422
1.3346036124635048
1.9139917948070284
2.629808916245935
-2.8457107433195765
0.3532845801423923
-3.137162336767897
-2.4725429309978884
-0.37514578405067356
-0.229401358566101
0.09481185678779869
2.095380366274233
-1.8480965344636155
-2.6304174241017364
0.08696608551826679
3.276902961658898
-0.5024137837690482
4.236675282141358
-1.0105413216924748
-0.061707567278357245
-2.3439946153803355
-0.3761715383889387
-2.034897393376509
-6.028300057061783
-1.0617934080201583
1.8568500982752916
-6.544656260624827
-1.0251246212766358
5.286357738784948
-1.3294561879726885
-2.4367068982571993
-2.6894379629097447
-3.3487008540957732
-3.4642331117269554
-0.912819806562913
-0.5175861183763991
-0.22219330598762477
-5.42308484017984
0.4496556739275337
-1.1373559839159637
-0.14340550743733216
2.0190006280739774
0.26869691531606454
-2.984494039428412
-1.249812660425945
0.953092987832548
-0.10492527599992074
-1.6356061247673845
0.36154984786134237
-6.025077638975597
-0.6840597348815736
1.3192954026709773
2.4836236080560155
-0.22415245213444068
-2.718108564112767
-1.6919906529773237
-3.562683888362458
3.875372360855387
0.9011346556237496
0.43680142570532543
-1.2726754483293865
-0.896442310006963
-0.011640555942524777
1.2144245779441558
-2.58137684938359
3.8050213955959107
-3.182938996435475
1.3764088529515406
1.3748518581210836
1.6604077048927524
0.3176204880863118
-3.197927428620402
4.689804258559851
-0.5063482581170553
0.4581733360432152
0.6727442501346563
0.39943882011499143
-1.4187640867933853
-0.02969025455098384
-2.8395713046025177
2.7986985692513935
0.27917319269019236
0.8589073110890841
0.4990512426249232
0.2027393107646902
-3.5849997754263034
0.702585680150486
-3.3649836960860062
-1.5802649027669156
-1.103913262843424
-9.335538162913794
2.3040413615887907
4.016467304281987
-3.9386153347416837
-1.6326271206405973
0.08216721208097533
-1.5094880593249327
-3.125332260277082
0.5879345005892447
-0.6728153393643854
1.3130912368093868
7.319398164063504
-1.8014563546787656
2.0339337842049043
1.7687191360804864
0.5496413869071888
1.8914649116125575
2.1715979757101613
1.738974921278356
2.823207745575865
-4.689523037585931
-2.0471108115292393
-7.475242308170449
-2.5282934939130186
1.7631539928527586
1.1530382582050964
1.3842910951410605
-3.588085578377397
-0.7118245993938201
-3.2420479670123687
-3.523263737317804
1.157028182922709
1.0968061691029178
1.814989047403174
-3.1199487979020613
-1.2584480272850223
-2.500810976805962
0.9364176097239891
2.5406266357707405
-0.3275243762881368
-2.453088802704812
0.7107278224501661
0.7774276313130222
-1.8871895661714078
-0.88045750967648
-0.4978191342166528
-3.7215580330954623
-4.8652636591752785
-0.8988928509937956
-4.776007631621059
3.0695601031179365
-0.9426923561840574
-1.4923559944550453
-3.5784237696554837
-1.2802832898788519
0.9574926596358817
-1.9292678236936731
-1.7623708630278871
0.9363947700519748
0.678599595106907
-4.509796435925352
-3.8119546684424828
1.4547921916408173
-1.7375348440942329
-0.7735389968038276
-0.3478444587237466
-1.7384409062957091
-1.9681142257635007
0.37163022453030825
-0.3768965808729652
1.6967836006482342
-1.6014124158943916
-0.25615598690327
1.1959598751242067
0.5203379849262701
-0.6206650744242753
-0.3517882424548171
-0.6323857496465917
-4.631562731634887
-0.31366328498835905
3.1817909722280664
-0.23495501430991594
-6.022038904011568
0.2221925216814391
-0.10209462937435598
2.4310757975762805
2.3669392946691903
-3.145890328663109
0.4810017601000587
-2.9582452394038814
-0.6133084879228772
0.8339373719339171
2.707870200874388
-3.5740992903999147
1.7376399976512245
0.5523390714644536
-1.022596323595375
4.0230116035161805
0.16171761395875683
1.2993345882408174
-4.1285625171746725
-1.1861248647194287
-2.7818488556817074
1.4661639098522818
0.7572027443343035
1.682793586776473
-0.41322344595732874
-2.5736629557879454
-2.031747326063143
0.2812262342774614
-3.3154599001640137
-5.879770155815315
0.5569680644770103
0.5399865311491125
-4.056334274437935
-1.7495879111019979
2.6265033002209295
0.3308055251055044
6.485302852909803
0.2241416549848223
0.7355177327313978
-0.08869858749265225
-0.3518533353130693
-0.8157223152886482
-1.850568128118314
3.363186719637393
-6.463836533257565
-5.705169083070303
-5.545320556971128
3.404716079207688
0.9639719666134148
2.3498246068813757
-1.1117410621441361
3.3449084223988867
-1.2262761869525671
-3.779916147626673
-0.2771246826280753
-0.6063802731588923
0.4332382680829532
0.5004307810606321
2.7897748577708827
-0.7248703009471803
2.970272663408677
-3.267212478184214
1.9843216339572924
3.9337295442344544
0.663335028292102
1.5548861743961786
-2.3334734871451017
-1.4356704805666995
1.3469723809503464
1.2285422146295786
-3.3439795269757644
0.06335399018871857
2.159676369094331
-0.511503609098833
-1.1543703059318369
-1.121728619055478
0.4017274710365868
5.0652984407492845
-1.872764759488864
2.0400159340053228
-2.7583991006127055
-1.470076759804479
-5.287725875943981
-0.9001689638144907
0.8570887270663059
3.035128428565783
-0.13043921817088555
-3.3752050683508736
-0.6020590781421338
3.037612890238586
2.92143428807406
0.43474137463172546
-1.2125657402755154
0.6499078554180202
-1.4980845678684713
0.6037013526044652
-3.9270194007761092
2.393079937363042
-0.7708230790028214
-0.9683668127677508
2.8668424329606017
2.7354183538825105
-0.28353275396550015
1.2135677971347274
-2.165451722779949
-3.8185645803886312
-0.8240524724432067
-1.0565796313642406
1.985393611075677
1.9180101497599238
-0.366352932712421
3.1012814308742875
-0.8942044122325649
2.2524348308901825
2.556703032396143
4.5614133837705735
1.0593770857833675
2.135641907111117
6.351901546295117
-2.2062511957651996
-3.1822896826083276
-5.147860015281922
1.6672461241001546
-2.4060729973454764
3.7403277874789573
-0.10687598742352955
3.726047390027496
1.1506110349814915
2.9958266343751054
0.015685577888983948
1.9537712315580045
-2.393068821326649
1.5469101035534591
-4.233829626941546
-3.5585270977497663
-0.28187496082143815
-0.7799245893273823
-1.046435973660422
2.079754445929689
-0.05179099850027358
2.2933426605370886
0.29646023614234673
3.3206078609913847
1.6763211552799024
4.933673136980837
-0.14430810185220988
-3.1841206658962027
0.42987751245551076
1.5194528061234287
-2.86613914633804
3.890095419325541
-1.7125441785171103
-1.6010673474812747
3.1133011602886818
0.17458931941417055
-1.2990241104996518
0.19970097785434415
1.4873057548216142
1.4452574923249473
-4.322071286301021
-6.7392049716438525
3.9529494251906394
-0.35742413787294214
1.976728358986386
1.12970116877875
-5.017417602212793
0.7769058506104554
1.9021405900479866
-0.17147818793649794
-0.329390217126025
4.3764123771859085
-1.8896032038435546
-0.5720112641093579
-0.2161846609339928
0.21076468637841828
0.25804898600158044
0.7155241768963911
-5.396008212792292
0.6216172057346105
0.20373948924043583
-2.355598312990853
1.5308315827972048
3.1084826060244257
-2.918334350486999
-4.43265783915384
-2.580849632051078
2.923800867231873
-0.15418118550031057
0.6464318479884734
-3.304784267799075
3.7223022205977916
2.814629683876894
-3.059665942031374
1.5362450958293743
2.404340411786594
2.85821205156931
-0.9557518304277683
-0.4643020431476659
0.18890595311270686
0.46265347044217586
0.21284568833309558
0.757903479223784
4.926562517293829
5.119898110235065
5.127531423739585
-0.9943785711177702
1.7721928481478422
1.7879534705157516
-0.6249455380653359
2.9064452628430413
-4.090483341981157
0.1971874057603924
1.551375627654385
3.3354203064747914
0.13049723156181137
1.5274266957730873
1.8144728776179178
0.38147216807503725
1.51178734433135
3.8752645105922836
1.300266358086049
0.7064153498699501
-2.3344627861005582
1.8905780747907461
0.32864995985214596
0.21842650927526397
-1.788155942107577
-0.8635918023034557
1.8646172589854721
3.389548193132428
-1.6180648911496347
0.9165559389803042
-0.8323534157766093
1.6426648532812766
0.25352080006706257
2.8140594260679714
2.2003728500052424
3.933066603608488
2.5221152785406096
0.26551211059989943
3.9084779156969622
2.2695979510446924
1.6324562407560657
0.6009142978312845
2.046412522269277
-1.6365888385926755
-0.5609990769279305
0.8692124177409617
3.94982539858813
-1.1549883100256535
-0.6132793528951028
3.748499513059688
-0.09752369845862296
1.507081266247186
1.326364050932979
-3.490969759893273
-0.03972429360861973
3.0654012160705806
0.14629063505521267
-2.5409884251275594
3.291804236218506
-0.7761601466116785
-3.390089617428049
2.355687919802221
1.2956189432542367
1.047792823045791
-2.6763190727311255
1.4498644506996046
0.00919156142385047
-0.3448311003747031
-0.5329384452737422
0.16081280738333303
1.2521151358790705
-6.447949864056061
3.255514749948599
-1.1513026501430477
0.3480750076208716
-2.796177261605256
0.6125871140456645
0.5947774680784546
1.515939708422605
1.1901899475981033
1.8502197918819254
-1.3935083933829333
4.07531589659412
0.3034928151997398
-2.9171918090876643
-7.1030862521020675
-2.1831807210655807
3.2895771876287405
7.112758514846689
2.1503500936078304
0.5992916595651996
0.8933126086898149
1.2450635275840667
-0.17425029708257844
-4.616010850447719
-0.31949162104611184
-3.4034928848400434
-3.3540907900815338
3.711315395928045
2.2764617516091947
-2.2293652228453364
0.41866507599781033
1.8162271173180367
-0.7895510173809794
0.40989435793323303
2.103607892868183
1.9776763681885305
1.0670211635121016
2.3731667298022927
-15.268894192108279
-1.0858766969347255
-4.902454407622337
1.5824685055895293
-3.991898341986065
-0.028747543150414168
3.702681975277307
1.6449915802136883
-1.2537693390946352
2.425403679409835
1.2825949287234328
-5.199848539576032
0.1713002366273968
3.1087161044827987
2.224860107298429
2.104266088273312
0.0726130504962188
-2.1838259692387876
1.2382340936031713
1.869013455465431
2.0927120215015687
1.3967508698662874
3.0929198675448824
-1.1242834111192637
0.03544672312599628
0.765544738663078
2.9583761785481872
-3.597313786125868
1.7939737979089339
0.299031631409419
2.20421870229373
2.152389373672172
2.1977515854706287
2.9580944078608726
2.508654836467701
-4.22334977704071
-1.2795064868673083
-0.3956676203578281
2.6079978198699862
-3.5944701678385886
2.740997872372722
1.2680984991048851
1.4185226604997303
0.9740810729627063
3.5580577385169203
1.4105115058751339
0.9366824325726175
3.2705419043820356
-0.018004326601960496
-3.2786366818770016
4.1141435008667315
1.2473661827881735
0.37033591035352176
0.2698662324295529
1.6961710090809206
2.756343804971391
0.9674584527910624
0.6717957037366786
-1.7752350627336089
1.9519448450999852
0.18474336344245668
-7.480233556688566
0.5665300308729109
-0.4359566301993726
-1.084099484302457
-0.7395676263788863
1.1677982477487197
0.6033593156147101
0.0009909633402194196
-0.00011362842335549406
2.759594256744506
2.5368561516202166
0.5940283047873014
2.343530231382757
-1.8158844222298596
3.7331712856427766
3.3842824970483347
-0.9322011632046256
4.480268958139599
-8.640381064542945
-5.756802953572474
-8.886556419459055
-1.3818424037074415
2.68165458273593
-1.780738788648252
-5.610737345016814
-1.0495017261120168
1.450771087458894
2.220511841808429
-4.290267507717029
-3.967868407967505
-1.3377279165671827
0.6169037886920326
-1.3358136997435814
1.4975605886120245
-1.330865992559774
-1.7439212882904225
0.25070468899041654
-0.7670057353369744
1.1470806065518993
-4.279645221470751
-2.1521581629838984
-0.6748683389609484
-1.0989524066003682
0.7308579030253499
1.403363019258483
2.25118845815831
-9.152092305705887
-0.7726308218922585
1.1844420918506784
0.283235773485194
3.4752809745804063
1.815708267264192
-6.757931820093621
0.9077711611859036
1.6820066060218894
-0.9014323694517663
1.5037142725761
2.0784508140535087
0.481716156371764
3.049708583891584
1.7172879564228016
0.7746123989624469
0.1234429772042982
0.5257968321641218
4.68047855107422
-4.196925948818887
2.5939872384200062
-3.0896932606551495
-5.758331472253634
0.38897560933110675
4.852590909195359
-2.1333098405704023
3.088611355200065
2.1273613490757355
0.6723026825687601
2.091830090335694
0.036133565706204296
2.1232462911837295
-0.06625199835485385
-0.22164916794353395
2.15024180455866
-2.599495714523396
-1.5932854558795984
-0.5921972905542771
2.6301157975045197
0.11887428923255783
0.5851716203324511
3.182304851349593
0.3152401579490576
1.9369988664125546
-0.2343717738069171
1.0050618739559338
2.139878269854807
-0.7207629774451901
3.0760821703207633
-1.6588920769379647
1.935648356449224
1.5552054418700156
0.4798957948631568
2.0733014243147214
2.654214424249798
1.2266524903388052
-0.32659355188346395
2.7946868156260987
-0.4291985578457964
-0.3728944603748312
0.7261164717854862
-2.5477246148519477
4.749877010406737
1.5896896473222424
-1.507860376704976
2.6029015361850396
-4.886628166437308
6.98045453045319
1.144074434346399
-0.9870510595263458
4.348504901402988
3.4269083525681685
-0.8331127223444952
2.5428728025801006
2.5454906492712555
-4.317820077656604
3.860655370586766
2.134206499919217
3.105016126619871
-5.056500130383705
1.324408624893851
1.2558526243467738
-2.4291614236011663
-1.2526702901727846
4.064163695124562
0.444010174432508
3.8786957477432074
-3.885472330769827
-2.16277425314553
0.08354176771569799
-1.623000814077617
0.17952641896937394
-3.4852448400146763
0.08987272028397819
2.626890911687842
-1.5473742753213868
1.9254116316426817
-2.6679436004814203
3.6325948759063333
-0.24176265759613047
-0.6643877203070157
4.977517696385021
2.3640197507785263
2.111556859094446
3.113403754144435
0.5126055246593786
0.9951255083568413
2.8147461690680857
3.883768997006868
-0.18887829413563806
6.066773138710946
0.4295492006391719
-0.07573480422599799
-0.9063665432669227
2.565861286687865
0.3956986378311884
-2.4081013688903026
-2.918792350094439
2.095467853759567
-0.7172338654928823
0.05594492240324045
1.7863528390576233
-5.894878003515632
-0.9276778593255098
-1.6322358405653277
-5.488961864340173
1.1762913860667301
3.571487386720925
-4.509668768169151
0.5960704436197721
0.36528643961242135
0.5237225172624458
5.166292769210033
1.992206957135997
-0.5592481685623778
-1.6800558288600858
2.545644486877302
-1.7758980035306269
-0.2972234032825275
4.70529586040934
-0.1405524383446698
0.7100923275319886
0.007340490087808904
0.5434134187751432
0.9979674820085593
-0.36772491773544724
4.423329693559713
0.24907880610910138
2.8216012433661275
3.4744192184220175
2.2810855801100467
1.2574239218743766
1.2026574400208956
3.922942665757839
2.7491607782343963
-0.5192364812486269
0.1334027610688373
0.8085691752613346
3.3315155931960696
1.5988513644362583
-0.3221224529292175
-2.4422972785847863
-0.9283095433479457
1.9486188938464153
2.203247285887553
-0.9781611450203397
-2.037021313489581
-2.63126928928333
-1.3508794120055412
2.8594677206471504
0.27588825552117546
2.84687868544986
3.0225699174068783
-1.3238284438789565
-0.9049680474692707
-1.0419712110868216
1.4973395016954716
-2.8210162731813204
-4.498988716267715
-2.0770429918326068
1.8179328949435938
-1.2728491711965502
-2.8404349867455725
2.9356453685832093
-2.2433230060081253
2.1025803276436204
2.380778831743723
-0.7669183155313888
-4.671572127345744
0.06414469414090984
-2.056318423165407
4.284440584517917
-1.525832765117475
-0.3053019260569426
-1.8490152988422373
-3.9595864140016643
0.33315517295395214
-0.45417058191835824
0.12804844003304527
-0.5035501176176024
-0.41621161224155845
3.3789751548543014
-1.9995845899406688
-2.1277717803135054
1.3947142073643475
-1.4358335606454224
-1.673440566717659
7.49026113901237
-0.5957120932605766
1.5111743603194294
2.7200545490754213
0.9407230221889682
2.073341316307922
1.8347509892537435
1.2898327258826172
-0.1475145831807314
-4.272273015971361
2.04690009253561
2.1604673006899118
-4.17287932354987
-1.2998892376223807
-0.37715763412999737
2.181648146596936
-2.023848382059259
-5.792057475030359
0.00778649361596373
2.1828786703059238
-0.22804773316801163
1.7078502482773095
2.107205354425157
-0.8516373648913558
-4.301819082181193
0.3564608064827477
-0.16338325967456746
0.2874485415807779
-1.967643157414733
-1.5418717315770607
-1.2069140297467282
2.771338466881719
-4.482442163700428
-3.2209425357996015
1.8288146375185481
0.6281897100992793
-3.3055815486777456
-1.7549012016338748
-1.883064130723243
1.64573745098004
-0.046225468949226745
2.966802549384737
4.790603699462219
-3.3314443636940463
0.5933992158573416
-3.3662688248286194
0.3714141107252067
-0.02321740750500445
0.26315532865316626
-1.3982971484894116
0.8500333049928144
1.326997373835165
1.6157348064731516
-0.579770895684684
-1.7977087877033266
-4.224085632828193
0.5316164528764247
1.7912820242630878
-0.0017000776635374137
-1.4199334373005157
2.4159142214609455
4.4990890185328345
-0.872426595630905
2.472657360260299
3.56229189929594
4.083708373822315
-1.7345291678720025
0.4416903975559152
1.6231193010711773
-3.231719446403731
0.9498541247210197
-0.4648408511293346
-3.3704574904279543
-0.2618840023060435
5.8940310223636345
0.9162303847248123
-0.9431611662299282
0.3321961990350344
-0.4280541582934523
2.428096063422956
2.575791373489262
-4.903456212500343
-0.6248773497482768
6.587046954589283
3.7048290699118533
0.16062718944168708
-6.965820937759261
0.5700295013290875
2.4167325525529737
2.0877737593195502
2.3729172852512246
-12.551561362423817
-0.531611519676463
-0.3993952508442121
1.8729104716465002
1.0849693307690509
0.8414226706156185
-1.521076034456614
-1.6454860203868458
3.6058075362381956
-3.841583916568874
-0.6382129476133496
-0.32459662716043014
-0.9027769267255148
-0.4077276286425643
-2.3363321286823506
1.6148782597942328
-0.8129893961922466
0.5420091383060712
-4.161456606730786
1.5920294037276634
0.33035368123860986
2.301184837790639
1.559159949136225
3.074931230197424
1.6698320548520433
0.7958146837447053
4.222607749525891
6.012676748293239
1.474150205848567
2.3110004695165447
-0.4410203596752583
2.4447374786230793
-3.136340591680826
0.432389284459743
2.936236147455013
0.5364323989930593
1.1186467354502216
1.5784945662674592
-4.6515452118930165
5.551966150555378
-2.977141893432064
3.9129573778775466
2.527564053514849
3.355103148965541
6.639494118889858
4.01343019783349
0.6777420266154062
2.184752283459517
-0.6136563080307476
1.8917051695499731
-0.2594192818440493
-5.423626236567063
-6.56934228867537
1.3485851563317124
3.1928899185481283
-4.472446361066604
0.44141089255478794
2.5999668494587467
5.055292284622151
-2.9619752407565656
0.6035545869076262
3.14986458586864
-7.1959376397447485
0.4236236884998765
-6.612611270837333
1.1021826439833022
-0.6556280740835633
-1.3842725323662437
-0.2218146804086385
1.5848968168077233
3.8784312095644093
1.328903221295258
0.05751164745208426
5.426472201112931
5.367931853752642
0.1073462548837727
0.6434084271650662
-2.221982376332213
3.7857632428698604
2.9549394721011515
0.10704391296791482
1.6865598574309435
-1.7585667231449538
1.014793491610515
1.6827072251858097
1.5597368887916367
4.430950327273622
0.3293168085734306
1.8178036101758441
-4.387865599581529
2.25971350012276
-0.9473114814087228
1.713493156486578
-4.536569021627336
7.508366380125157
-1.9084892395724233
0.18424887917950805
-0.17578819133084855
1.095847748881472
-2.4972601609632483
1.7915663937267547
-4.111430934294376
0.6524189918267882
-0.4182727540241915
-4.224748048905935
-5.905545560896954
1.4320723834563918
1.6132046777067366
-2.9371063808559397
2.798268651278629
2.776625572035895
-0.580765432419942
0.8682606763540859
3.5473238001939142
-1.4306044905416728
-5.341877701480743
-3.30574427412057
1.688444958887232
-0.1465553436864092
-3.3371361326968754
4.344832452406725
-17.250417181472407
-1.8213267164250126
-2.325215492572542
-9.20728344609385
2.974307018310192
0.7621814763238894
0.5612705139735485
-3.7136275983048215
0.6418498459025079
-1.2126875009469982
1.1909203198546932
4.867664042422327
2.976334088234016
-3.8948969493643197
4.105545960070281
3.47254584216014
3.1918101237223286
1.8830937262910732
1.275030181017716
-0.2890931228206013
2.6377169774992097
0.4087480141338402
1.6876175042426977
-3.7850601769441394
1.594799114760697
-1.119788347240158
2.9161259322811413
3.2670963271646825
3.621545009515657
-0.9125859026111568
2.1768215969209046
2.162725128007113
1.8884498313800018
-2.5008607690717453
3.1291021523331803
4.50785523148435
3.8225656515171424
4.281326712949487
2.2624581327624704
-2.871432524028645
0.5646731375676495
1.7904977036032754
-1.3876904887800878
-2.2605590269811833
-0.3057418940115748
-8.433424334683707
5.405980427592632
2.012439800534071
1.1129317941848789
-1.6786717764966732
4.029127693416636
0.7505157886102976
1.0085126895413863
-1.4903328109779284
1.635916185496595
-1.9365997001940225
-1.0636272030120708
-5.12686005420563
2.3479149480426504
1.8382141534612608
0.4689559713601459
-2.2364349708200333
-0.38673559262758517
0.6083683347252686
1.2437447306653606
-1.4007002582828396
3.179140114052772
-3.782132407698501
-2.191973413072505
-2.7500172187439866
4.897478655166248
-3.6830572087956615
1.0875587572862395
-3.776557837371842
5.846353748650288
1.715378316344093
4.183020136196741
-5.337526689139664
3.0179653865026905
1.5966137470133241
4.262864860063429
0.35786377836958216
-1.8311975263755578
-0.7892838488986353
-3.993095029128794
-3.3172474512018226
-0.7272006793741215
2.054841980978156
-1.4473452125986372
-0.6239366305915488
-1.1820509666147627
1.4946866578636935
1.5232929354184557
-2.7190735455571486
-1.1191905600379066
-0.8715943399196426
4.303354352198922
3.8906811538992336
-0.29188713870873584
0.02409177976026111
2.297165696792284
1.919901548861148
5.096835428190282
-0.26549566856951967
2.09387540630199
2.5271248055556934
-2.159004744874343
0.8989444341033215
0.45874253037730806
3.0533982078648956
3.0626340038971724
5.88701790041133
-3.8544761117090713
0.4210295611003292
-1.5085834188463547
1.6028594103458986
0.5354935517567843
4.355741502208308
-0.7747644477740401
-1.088820922833031
-0.07711643357916731
4.052017581081601
2.189901885667035
-0.3901743656554517
3.2444102531825303
2.6290815237032663
-1.3870892660081102
3.4479429904601995
3.383815929491546
1.8750173590011858
0.19087994365615746
-2.091767754069314
-2.7250540993939056
2.561813779831853
4.35931725931025
1.2697614579532082
-0.2953875858368762
3.459187066212248
3.1551133242636933
4.320216895416482
-3.5960018437325605
2.647632721458076
-0.14127738537732215
-0.9196340066356693
2.6440580287448343
0.2816746392185736
1.2374897515672574
3.3664844954680353
2.1655840866827956
4.2474252148305185
5.2581383570400435
-0.33772452547363174
-4.297573053547823
4.18249902650459
-0.2841914419564062
-3.0705567286558804
1.1046333181759485
0.6569037405732858
1.6459513939770476
4.0614359108618565
-1.0354646034237192
0.1669686766696794
-10.46340319331417
3.081166875630437
2.366816371678854
4.624166799084222
0.5316546649556899
4.642884906747049
1.1781285776498374
2.9645829120150764
0.6810765819878322
1.9571246578140893
1.2417578600308805
0.3471695745747936
-3.340986911835255
1.3456719807068702
-3.0372146368240753
3.225241803418813
5.2202495179397435
1.3773752008028466
2.5017117875548425
2.3004903512673454
-7.459533365796653
3.139201982012424
-0.6321090962720042
-1.9372656450370043
3.562805818994417
1.3373718725154347
3.3407681494382526
1.988659641302882
-1.0172597535732784
-0.3738819470329987
-1.613501920552717
1.374341303522721
4.4348649226689
1.3601146513253815
2.9019884017033744
4.139441926776034
-0.1438990581095907
4.008700555010799
-3.6299023774331642
1.8835373133978677
0.3358550772795912
-5.0142680899556655
3.8829602976446598
0.4434507868223818
2.347015642484989
3.5337805823618114
-2.188104856889653
-5.098857052446474
-3.5088828533967105
0.7022498673263016
-0.8661359454410061
3.1711273383065928
-4.021080354025514
-6.510701499599726
-1.7349042562816244
-2.210323623323707
2.9531972612046204
4.522985431941084
0.6679618036246211
4.224806545772799
-3.75103814072811
-0.5876493594368313
-0.7490622406053916
0.008600521102675174
0.5622541665959615
-2.7405332365938677
5.761607888951203
2.138514614632599
1.7285791251756186
4.068594224513321
1.9645408428326077
3.293492754328934
-2.1074486566039825
0.3208615910025654
3.6535236920965266
4.19548427558743
-0.3796560275957417
3.43035171258688
-2.080522105099451
2.863419359910944
-4.949473255718122
1.4551222532417278
2.582498183265745
2.3889616309338604
-5.934162416544517
2.9050803773114593
2.9300422670721855
3.780081495918351
2.1971421546419925
2.1343498200842714
-2.9414615262467003
-0.9167170567437811
-0.8850153260366513
3.2248418097623865
-0.028067993855819817
4.068472906120018
4.917891197800129
-6.9611970886669585
0.8304905042904722
1.0773327741373868
4.34602923738048
5.9407459899968265
-0.9929861307340752
-1.6657635061692995
1.1805110325889028
0.4299491328629621
0.4111627377436722
4.790421868320525
-1.3668580105855639
-2.8208078598634425
2.212215632906749
-0.6857413294168018
1.0719356751950384
1.1747286776393797
1.0935948560153124
-1.7002112027346101
-4.97381762416112
-4.547014904878823
0.6187886103345455
0.2759832287208299
-1.1714287978844584
-0.06138365987373884
-4.384046092391812
2.537771963832311
-6.343016797167766
-1.4775211553968246
-1.7610496431588387
-0.5248365898304413
-4.829888971647333
3.8980577188359495
2.0224926609401948
3.8099707597072223
0.5604794150483514
3.4262258010852706
-0.8484468476452421
4.335081178683923
2.505806879155595
-1.9276200891609525
-4.935362046915925
1.7389888656269985
-4.700432780711438
3.2053197699212967
-2.593163623720733
-4.606028025682249
3.118413095332424
0.150799374855076
0.4535071943481559
-4.8970905934402555
-2.8249435944041963
-5.0491826389161805
4.596144360879703
2.946353893677483
8.230627304139
-1.6642285074792387
4.929937349713792
-0.5979979610929061
4.633643606305124
1.8068622297903527
1.9996721955729457
1.1414791927099661
-2.967157029631863
-3.7087707560865026
3.08601139694916
-3.1148534168362243
1.6783205455407098
1.5504590577494244
0.3906416144707565
3.193913297853463
8.219660715514689
-1.66975648813967
-1.911588381211676
2.7611501514327736
-1.336749669579314
-2.46695120898447
2.0366365059476705
-3.364060413855875
0.4720491097373949
3.194805496155582
-1.8756177734497153
4.042250354587322
-0.34967929539941056
0.9039216443391451
-3.029886187419384
1.9073185234571204
2.4266070616824846
5.7665583883260245
-2.648376754926937
1.9463832632684124
-1.2176216764266905
-4.841567270157348
3.111313516068784
4.0220167604780945
-1.5518073958782537
1.5385334151510262
3.807382022034192
3.668805942784009
2.3224433624734573
-2.152265582407846
3.1848019461352335
0.9843693751520839
-2.4244550703589063
-4.546718339527374
-4.157772019000014
-4.618314614305076
2.9105590586637105
5.1820269667097785
1.676916391539458
2.5993674212463262
3.9042324902123475
-4.862560683039934
-1.9910872937459336
4.4122395265368715
-0.1281969337440999
2.9728225715219665
4.438096015852274
1.5450024657275643
-4.612603963464055
-2.57730963061724
1.5905453446508786
0.07720757079749418
-4.638868683241713
-10.267559578591447
1.517751901094556
1.884180689897553
3.061656637815272
-2.3384637315479404
-0.23117049362121211
-0.8706080134063595
-1.8405600792405914
-7.134011179961406
3.418195708841285
-0.27087231004284307
3.674754673202264
-1.3792693160970708
-0.3502755312287277
1.8846869241246385
2.647559692419646
0.4251387692064883
-6.08552928133108
-5.63535683827542
2.1049316801432876
4.867947081502874
1.4005763873703772
-4.352162090731053
-2.4544548488791347
4.960326189840398
7.101277392094563
2.9979401626488804
6.20059513190601
1.580738120690461
5.459125362493733
-2.0038162723961443
3.886132455712527
2.830989619828321
2.4768766614957336
3.004420193371036
4.616088614138827
3.1129819029736767
2.0029602250028558
1.6568002716663552
4.537530743353349
1.1972241311084253
2.657668900031164
-2.8165386222504747
1.5141206234432634
-0.48984358371473713
4.5283585316645585
2.5994947309872796
4.6310397345663565
6.848436402821649
5.469721186882473
1.1274220520067564
2.6227314101054753
1.777763969935176
3.681526401041638
0.32539130611731926
2.427425174368597
3.963681088373086
4.342214470186525
1.4697473697665804
2.5466897062337344
-0.44604816381291923
1.4123024530750867
1.9444235416873736
2.989577064018295
-3.5820103209299634
1.1296543537456234
1.6398873926692623
3.5545345433832765
2.9173267095119413
0.3711881590995283
-0.05889359075296052
6.183448924519124
2.4516939417405577
-1.3470922991816097
1.9524314800555147
2.8481623124469344
2.7422236600363155
2.8992504365785607
-2.2508690063563375
2.622148307478775
1.3487312935830653
-3.7770474968993564
2.773958318351563
0.5136484702481976
2.5336733309529764
-7.1485217173904765
-0.7536146173558781
2.914853502048741
2.262765901007615
2.172404302849795
2.0381350966942633
0.2669106267347845
0.26160413444826713
3.5127891779830964
3.950338082180748
2.6544097423593245
1.1378723934609134
-2.4762173841353454
-4.4131846501947
1.8061095750136231
-5.589336878746312
1.5299687877317263
0.9846236891989792
-0.4338094281181608
-6.585389837508395
2.2070479247814254
6.87504608337319
1.5337811763474174
-0.5643146036114333
0.8228114980832715
1.3720652359536532
-1.5811320549000731
-2.277640523316994
2.8553138417752955
4.2448806828633
1.595600994818411
1.3540012779055712
4.931568836223598
0.8295616526605325
-5.413037329846315
-0.8036501369993769
-1.1304665746195832
3.569275232559903
-0.7953357169360433
1.9580979935264478
1.8885116725107767
0.6998876195834345
2.3354953488561594
-1.6023992537641583
4.85520176946522
-0.5942433377033561
-1.9937809433787743
2.722877332356393
-1.9690021989962252
-1.3637154505728042
-3.1061108379773756
2.3848819675413497
2.4546681204540883
-7.5253846891971525
-0.20271773373801016
1.9981668964135446
-5.846239630894514
-2.3853652978847273
0.3795602390390205
-1.6674527318162733
2.2645506231073216
4.923486150775576
1.3770672647547038
3.4169644368715613
4.07676972317256
0.31210520849736056
0.33254285923345095
0.16044661004552196
-0.733199217276436
2.628624417702972
-2.9551204253181176
3.1699859211119508
-1.7502739765569204
2.63392666522593
4.6600246702498245
-0.01696221470094139
-1.1273555453825512
5.517854721985741
3.1989644342222956
1.3479733800943308
3.6190631147829393
2.386295429461042
0.19503913181807242
-1.4051959374047809
3.6096396648904276
-1.436562726379536
3.0794579326288156
-1.9426052793798765
3.4213119894571573
5.751214613563998
-5.739726077656543
-0.6268369340470876
-0.8260152649852438
3.7520121566876012
-2.472513729705988
1.9198882871779017
-1.6707597597664239
1.107323742671491
0.8565055929234415
-3.576828396321307
3.3406932602368773
-0.5896907465987731
4.85472487093605
6.114365480041141
-5.797782489556418
4.40109765368388
-0.004405820866095533
-3.8483301984699954
1.8436479704179503
3.3266304434471285
1.017304223791538
2.239109713584056
-0.4253724408402836
-5.206843748910941
3.4836027124166113
2.189461431654733
2.5506277635915597
3.8986188426176414
-0.7043122805282438
2.264425812397565
0.7191416732179201
3.52184716105224
1.049506035325202
4.955191157023575
-0.05573605079623001
1.5535955881857406
-1.4497882311901513
3.8567619876597528
-0.42830587598836756
2.4843216194142395
1.470476757398393
1.3614137441079763
3.542001451032001
4.809875478609108
4.709482584271874
-2.2653630661961017
2.660407244000469
2.7660695239837865
-0.582054674269533
2.7646182656230325
-0.5366284901994951
3.1418478679328494
0.43437456612883096
-0.5486883342708802
4.810501807723866
1.8009502522233598
1.9206511784746398
0.6353717839974726
-0.18861597040363065
-3.251197651398876
1.2371923621329635
2.117169791452718
2.997614315579604
2.539438806493873
1.2934039753235744
-1.949901093861592
0.5623987003911584
1.381179457261863
2.1199760006726356
1.4235863190023
0.3886086858158242
-1.4089786115207428
3.4049424815956524
1.971171641618326
-1.9603212265608119
-1.0483277624641607
1.4469150964789903
1.1708562752094887
2.386064302229171
2.5289256293802884
1.4228091085038517
2.207818429208703
1.435797563148216
4.056369940844346
4.448498558786907
-5.14327200838053
1.9506731675630449
0.46426616909724094
-3.2029238037379564
0.7391006998624046
3.369459510504627
2.846793374872307
-0.42983630275357365
-2.0075127608016246
-4.092181709420727
-0.3834613235081288
