-3.8567797028906203
-4.699155067030963
-8.539948756836974
-4.84568516191654
-5.245154736891386
-4.168681298722204
-4.819276940838125
-3.0472531793769457
-5.191954685168963
-4.515322839702172
-2.8770031851983333
-5.413291959129892
-4.875973606097203
-5.30502774028294
-5.021633255247034
-3.0626791542818177
-5.169393219635508
-3.151113566478096
-5.120169832912583
-5.158845473784953
-6.7866086342070995
-5.33763477032508
-8.821475363244613
-5.006995758653311
-3.857362576715024
-4.531428152410935
-2.6492609920191277
-5.259953735655175
-3.059596528463684
-5.207441349185382
-3.0776013031552214
-5.399798363853247
-5.3305863397643
-3.7625471944504745
-2.999056256419048
-3.1399108109020935
-3.0837855278390123
-4.851553549906857
-5.376265767872334
-2.902080744196974
-3.7339045928542807
-2.998491715354227
-5.041784885397182
-2.9895833235308538
-3.0673241057656706
-4.853950437339023
-5.046455103863031
-2.9583034271597857
-4.816280551430458
-5.247856211956593
-3.7386566197850244
-5.390793535453581
-4.8357596680875865
-3.7971823404915632
-5.408247823415946
-4.527534812016414
-3.1973493131219124
-4.50965619237224
-4.87922279376785
-5.2433696265469
-3.1659485850601157
-5.0964290131051095
-2.9496001956587063
-5.495387312703457
-5.1732582988186415
-3.065267376882956
-4.8359743145176495
-3.079499136617408
-5.585912967663881
-5.122320730883012
-3.0230104286509265
-3.047352134846772
-5.128829471776261
-5.164895473775765
-3.0146163927142804
-5.145681908454744
-5.1986378767776005
-3.167504830382146
-5.031598534775275
-5.4467793779516
-3.2755743707623344
-5.033493786752847
-5.176572229688365
-5.077478594777483
-4.982551265858113
-3.0593985507767645
-3.055162568168096
-3.04322568986565
-5.207417225000139
-5.061533117208009
-5.1621645860169085
-5.212927741622552
-2.9688227001720415
-8.47221691630967
-2.9535047214993577
-4.961376971393206
-3.0225422307482592
-3.038847372092928
-5.388156957234564
-4.891866159272067
-6.372584403691466
-5.44720406306535
-5.269636226098983
-5.019442155547442
-5.1154614939081124
-4.58375160605833
-4.184407032181196
-5.021012564986322
-3.995866349833087
-3.0020423465681563
-4.946933641559754
-5.175931419474387
-4.873219589210428
-2.918689921581495
-3.0425518783008054
-3.1516825671847917
-5.472512405746308
-3.0126342023704202
-3.1189732894344857
-3.092597959781684
-3.0341095072769875
-3.0684330566755187
-5.4600333729901696
-3.5968505457689357
-4.53727475784098
-3.09293283042622
-2.9639975804661693
-4.07115206422905
-5.171613674658038
-4.455434346509475
-4.8760674623126805
-5.425971949214739
-5.12084341182498
-2.947534062185637
-3.3074428764749317
-4.753150173392768
-3.060964117996396
-3.0597128719575704
-5.172624865074333
-5.117787739182513
-5.0631107555603005
-4.612607978953667
-3.0316913111427177
-4.989662569539622
-4.988706909483926
-4.763084643679981
-5.4127026347735265
-4.222895759692417
-3.1770799432614196
-3.075602789440505
-4.323522211406105
-4.682805705688274
-5.253736755174896
-5.0725849506650125
-5.087745878587784
-5.511328585530323
-5.314266264223804
-5.153127550754077
-5.02661397895031
-3.0817194009311493
-5.068585329970344
-3.065148900141939
-3.2705566132807475
-5.143659681373585
-4.63855169763478
-5.193903580243386
-2.9986168573753282
-4.9916749323426455
-5.013919518875578
-4.870606826038413
-4.76606546261596
-5.288698452327401
-5.310329407410075
-5.168283892779302
-4.9274031813380645
-3.2008350353892903
-4.943796078202629
-3.8817781317879785
-4.365650702751551
-5.14857649790433
-3.1956796121081976
-2.9599741479003177
-3.2428566539616632
-7.407357530796901
-7.484327119763941
-2.5705529205116115
-2.9199548441041263
-3.2499786760732543
-7.792313772421331
-2.537415628791475
-2.6607036909492057
-3.1638997678210363
-3.184454694821809
-7.4771314185416955
-3.0957321660319947
-2.6372226596257358
-7.359581351590653
-2.9822251524422323
-2.5990540729475518
-3.1761733067010876
-3.3507394663901118
-7.466169308535138
-7.007596467098222
-13.485684851195039
-24.545959737716863
-24.812146996306875
-24.790449318525692
-24.45794984346257
-25.109731869841614
-24.92922055919655
-24.618492811596642
-24.609603504920383
-25.153315377061567
-23.72298860844349
-24.72965210751196
-24.702873113350943
-24.94499598679382
-24.80992595765119
-24.610985195873933
-24.718055124313274
-24.962337550408517
-25.00409016474584
-24.217928400558726
-25.214558902988834
-25.13710381748093
-24.827413886343436
-25.000329319022594
-25.006912855627018
-25.136218937157345
-25.20646644829338
-24.00796565059387
-24.876503758553422
-24.951053397092977
-24.225769083372004
-4.243385775237814
2.2556428817479572
1.891972731969633
0.5585106427042419
1.4744750957290358
0.8474834751168558
0.6582905683089049
-3.919302712566531
-0.6868983263975639
-0.5913979618375502
-0.9627801020393776
-0.9131547862136095
-0.683728304679196
-0.7819930758917074
-0.9494503617702679
-0.9327656925904274
-1.2981635354179888
-1.2624301383333916
-1.4345091657203906
-1.6443037626793005
-3.5633368110476686
-3.3792281759741414
-2.026866749082382
-6.2404046381786475
-4.434039916917062
-4.114571747062728
-4.684984310011688
-2.1328296159046367
-4.350760402504353
-4.321046491625408
-4.504130413223062
-4.2245275851649495
-4.86473638555346
-4.582834120735528
-4.861810015878952
-8.51928234332986
-8.183449464973062
-8.644948982339354
-4.65850558145655
-4.906057365229353
-2.7785144774702677
-2.8241508896177043
-4.514572865190609
-4.633151360971236
-4.828071324896066
-3.914504786641027
-5.326424345170054
-5.060486504767713
-6.9120979924866335
-24.29554330667356
-24.74824349022284
-14.297797963595023
-2.0733250661582456
-9.988328892992582
-13.922630138217452
-9.858916328426874
-3.8491761519208234
-8.364510366566211
-16.975957513410563
-5.079815305292823
-7.163530482836477
-11.5079965265703
-11.829365596041862
-5.4986927393027525
-17.563085187380054
-4.366001050298946
-11.955160079474144
-0.39780833453478404
-1.675792797217569
-11.57999678278298
-5.7172607330188105
-7.536521959161979
-10.65958831480471
-8.041493208056965
-6.484538306472764
-0.9218750602912381
-15.035381464796199
-5.053368635992365
-17.569981581340993
-4.614997677682152
-8.410292640635097
-1.9678613278561732
-8.588019378562949
-5.509126197135456
-11.293370798139566
-1.4305261165353549
-4.342732974293494
-16.255376711677417
-3.696148003953428
-8.317126136064372
-0.44088963078538085
-14.608586079290497
-10.98597554322699
-4.110384417904969
-15.180595432212355
-18.463955042518457
-17.06201814610231
-10.856129910150516
-10.595497083345732
-13.559671203349659
-19.097358731533173
-10.205261168339671
-1.1245040094716778
-4.584706910035217
-4.496714196961321
-16.565542888570207
-13.066451192236592
-5.575401001921454
-4.150575954827494
-8.186578904969855
-7.525222065912487
-2.6942321106358222
-12.339232521066767
-13.556550719293158
-6.0690069929388
-6.338906278167641
-12.315592262881118
-5.378960189141015
-11.728551864146851
-4.174808546566114
-16.412554126357293
-19.07613706833549
-15.999999055437367
-0.6334938422210491
-16.507732723788795
-9.088244849756919
-6.901501642461331
-10.648884808229917
-6.877030551338998
-12.395324171094497
-4.509194215473698
-16.512132866186374
-17.325146573206876
-0.4378716861497523
-9.611348551385012
-10.070242207620808
-19.14370097896606
-1.3255376742345746
-15.765412530834753
-16.965506619565634
-3.211604878332081
-16.666670160460114
-18.28916325459803
-17.158799572232542
-15.500886699583399
-8.471982969057231
-18.429686781456443
-1.5084467594388933
-14.592624757860953
-15.25629402850107
-16.399451788317158
-5.550824743682432
-11.950136701359702
-8.885650080054862
-4.011196840235255
-0.8331669181041761
-5.560567759135093
-2.2025126987469354
-17.300576791506828
-10.74067006339164
-15.156806780959126
-13.773524077102325
-7.16000340939708
-1.0002121075780204
-17.027140030846425
-18.99608858807458
-3.0128544488760354
-6.137520009825137
-13.385924798377436
-14.71176109477785
-9.095150191751568
-2.261095378649538
-3.2649257074131635
-6.741218451063514
-13.242933765336586
-9.664877365528337
-4.160566089919778
-1.1541149041744114
-18.20015900709664
-18.127829451379963
-10.21789712907228
-5.324685073141045
-6.839795948363384
-5.538826280601945
-9.008685885286033
-16.637110792128738
-3.0982455762711356
-18.77443901349387
-6.975100127313313
-17.976167887230407
-19.036933558351944
-13.54556332693153
-13.564070443955648
-19.454009107055487
-17.9209537051137
-9.23839787492729
-1.5848312952493375
-7.314941588984919
-16.70036011306356
-15.963396321940033
-19.019805830363534
-12.354343340841423
-19.228077714476246
-18.8364995362339
-13.290670315695404
-14.680070497738958
-18.028434130764687
-10.26470347086507
-7.186942405419042
-12.152986426039305
-7.4346315869286
-7.840684889752223
-3.538873598061096
-6.911049299151821
-19.014438391577148
-18.759826208098186
-1.5930646317195907
-8.612138827716572
-9.991011443370704
-12.62974177847597
-11.045286543735376
-8.265773745064319
-19.314318579872598
-10.6970060907454
-13.499603375258042
-1.071813078966
-10.612774902964789
-2.04139387734152
-6.531478224264436
-16.517830488212983
-9.40008364792924
-15.053968600584827
-5.10220932856249
-0.40644218398262205
-7.260949070912257
-18.66282664631106
-8.868775903922371
-9.1741654176685
-11.639222166959964
-2.4546913122442118
-9.642455669874073
-18.35384128456956
-11.289211224606781
-6.584386637861156
-24.302520946004986
-20.923438719454246
-13.409636116946766
-23.657793929880576
-14.540604438675674
-6.310829477884731
-21.928494772826973
-10.60171540541822
-4.133515799673434
-13.471817699165971
-18.79555264715781
-11.730767349000107
-13.587461505071252
-0.7451362371367067
-16.048646438991952
-3.68076707044915
-13.106321054012124
-3.116248062062705
-1.9920501214317954
-26.83185248671357
-18.13050620124132
-24.767216407080056
-9.43912807738447
-11.626956832245513
-10.968248058597416
-25.638069757401077
-11.684033261962322
-16.84267692750591
-16.002551072862037
-21.916820401110105
-16.192283981465046
-16.614945161050336
-15.239139173963064
-12.126993252940874
-14.573427586821886
-28.777099401831574
-25.764269996807347
-3.879585608364903
-12.143173218971935
-14.932811408515713
-11.940364107528914
-9.288517848398698
-4.702639108685391
-9.650581117626853
-25.641653245006772
-19.30301903344937
-0.26583829405723625
-13.601514738401269
-17.785068757046773
-15.753156367809611
-25.04043430416749
-27.92631559804989
-23.808548039236808
-27.01377332613343
-12.761472465532478
-21.134454476420984
-7.706572231492119
-23.380473055549732
-4.2473338463470665
-9.559422934822233
-3.8682668162206753
-12.186861909944556
-17.968560595037516
-9.094934265413544
-26.88727942855526
-7.803715287707714
-12.758164172338832
-8.712026530568734
-22.84102054414301
-29.392260315136703
-22.79697609154394
-18.359494914132526
-18.02374334465513
-3.3661882301572907
-0.493829081228931
-19.858960003233154
-28.591473933290484
-3.940301879620735
-22.240661962625065
-36.41117730199806
-28.726468217161287
-24.86980680570893
-18.5066401073179
-28.30254810755044
-14.551147031638955
-3.4435194481739417
-27.331166763851016
-26.10206307089572
-38.02617348941563
-33.714237090853366
-34.1907091724668
-27.327413307301608
-13.062070257818661
-13.833797557125905
-20.21354301653382
-16.876422796914305
-27.956215954057377
-26.6234571794307
-27.902219288989098
-38.7323551544629
-1.8288615877742298
-2.9285157065210212
-0.6343277191540992
-5.341105611951381
-9.044552210109607
-8.270265918111342
-1.566901019153951
-4.610339376776141
-3.841953932525943
-3.464116782270354
-4.576617264772409
-6.634114730150686
-10.244390224882235
-11.094215357305723
-4.032986795330304
-3.3407809452296
-9.640888988105814
-13.449201579869865
-13.801946444777256
-12.398638094141928
-9.261513423094186
-4.991225517309086
-8.424303492515568
-7.055878878495725
-11.987289418813267
-11.476749209782463
-13.095563993457507
-5.3498010931796465
-16.96443264553095
-16.068887287609982
-13.041085485355337
-16.03398541581577
-2.7835697688110983
-7.354298542929399
-10.665370887757572
-14.650121297977618
-16.469690472619828
-4.063141865319538
-12.95772192675565
-2.0826740557837615
-2.288306406562123
-5.798679335809896
-12.090795387415682
-12.282358454347147
-13.863260683441816
-5.492244158497938
-1.3186220518062295
-11.59165935326288
-7.219137208584123
-8.862672521884912
-10.633767590584812
-5.4970132197434
-4.171774745604981
-7.0052143199213335
-8.720330397271132
-11.174543361057449
-0.5140096280551111
-0.5754612560883642
-5.738964113839735
-15.042450590570347
-6.828960217257799
-10.11533911411623
-6.064032130716874
-16.268389175393345
-11.289082955776623
-8.098330919797828
-12.391423640603588
-3.8389078040411615
-4.486828263703451
-13.661065872529875
-0.03811362710027657
-5.81344912480359
-4.302064649556549
-15.461509352667745
-11.323389292976113
-0.7893200317810998
-1.7937260683072338
-11.642184181028133
-11.86764582037921
-2.4559663331627672
-54.896547648734895
-45.19026604108503
-25.197481306645
-31.007516918076664
-15.638724571465652
-16.58834149780676
-16.457607751934592
-34.76819954212163
-53.14406215614761
-56.4683444221346
-19.947130453271274
-15.016123785072113
-35.36391218225309
-56.619012494698296
-40.186472345856814
-41.904910095613346
-15.50026667519143
-45.12841525230246
-3.4421378685110944
-8.480037847904631
-23.306741319809966
-0.6092933120699608
-12.460843657621751
-24.38351687125905
-21.677056198207776
-13.50418639844163
-35.62829473672473
-19.949083762259242
-25.889994873975976
-23.190656159590596
-52.59024034803004
-1.8174526954343808
-35.612802861965726
-32.02892778746395
-1.7578263609804314
-15.043029467876753
-41.523752495714476
-52.163221258396604
-3.0153752430242715
-22.781123365070712
-8.141889037170625
-47.326194376699604
-51.721707196382155
-52.303719662338786
-23.240885718298152
-16.7229426758055
-36.881297246328
-50.93713229862765
-7.908311283891674
-51.126864397897805
-11.092185920229419
-53.04465945228913
-44.26123701508114
-43.48079687920564
-52.45174045118364
-15.167170029827801
-31.925468311657465
-3.823895129834265
-7.841663888571863
-25.025852547676585
-17.551977669671228
-13.438446877704745
-29.0571866595987
-7.739892161629944
-46.78429142811325
-44.81121848580404
-40.08067635674874
-31.895386218299105
-49.664748419062754
-27.03543842210625
-35.60376568778609
-12.637947729308618
-46.07158116711546
-30.931745863918163
-32.485877624367916
-54.55540317291954
-42.807275975500225
-48.26054100531941
-38.52664983538284
-8.918403312717151
-55.69748713757973
-48.17830790066009
-63.90700626694802
-14.329911020092089
-54.260939994374574
-27.599265966880683
-49.93640922897703
-68.15323549748427
-14.125865443816021
-32.46784654626975
-2.853629041528861
-61.650049688646504
-34.64909829706036
-70.38706929906944
-30.003492921377774
-7.366952023289132
-48.910020830776595
-60.14560986600294
-8.089365360278585
-1.0781319029908654
-12.363179932092503
-39.21764457745443
-28.769771130937485
-8.446379339187917
-8.984187635060708
-37.97192522767426
-38.88828888146
-38.03774032896961
-30.003178820030605
-36.99919206126287
-10.859628100843633
-40.0724691715084
-8.990526828498464
-59.553583512382495
-58.73403689983145
-33.37171668693185
-27.708313235028037
-0.4038248767310911
-30.843795269751663
-39.51560165036236
-59.849271980929714
-65.9410330758789
-21.06379286202238
-37.864614724935436
-30.719016205114425
-29.413432877310825
-33.72036268956796
-17.607763340615115
-4.098502822603195
-25.58665515516364
-39.38503999160407
-47.18332880749219
-43.77883171209205
-50.787175289575735
-66.38030283559915
-66.82303891421314
-65.49520956522689
-5.9288534652890865
-57.96665304761644
-67.83885407361836
-66.0167838517735
-21.8449173591055
-11.45409986672184
-62.032718908297994
-40.02335254743531
-38.19167532339757
-1.270091545652824
-21.68351255716469
-16.316139608546465
-0.7068362920964064
-7.4967131944181675
-52.11673649187067
-8.929019350149307
-4.1586564443996
-67.9378347834354
-72.91285586489644
-31.913273605099775
-52.891155145001974
-58.85890909359273
-9.69467056217915
-56.91232437496523
-32.57143763377699
-11.614050491495814
-41.98036263699612
-25.66936927701588
-41.788982755073526
-39.78067672257142
-33.740451147814056
-32.53268507292878
-50.33346356117352
-8.327486579484933
-77.19583316745059
-19.26719073012019
-76.93596089252016
-31.30183054657186
-46.82762061950423
-66.04476651855694
-1.1352104659627913
-23.245732050259782
-7.039098401830208
-29.16909976895668
-56.4724734455613
-79.52988608268443
-44.49826757491942
-19.280554976142827
-35.12646411429482
-20.804359599115767
-6.795267250861565
-75.7360727611926
-15.724563934915976
-22.689955944937733
-83.45300111900275
-45.262180131643134
-23.641132262559005
-75.26546850273449
-21.27846346123927
-53.08704401990129
-76.39119316094684
-79.06276365791898
-7.29452255471822
-62.56561688396505
-65.29316849205979
-63.39266257355427
-21.777244636150513
-70.09386478356065
-55.72946126092682
-26.358180795672826
-80.30135637755714
-42.00898405506302
-65.80194059195854
-44.13798474343756
-54.11789568770962
-34.00378674718013
-9.451317808933997
-67.17698949419766
-82.75845321806688
-20.260729736932113
-1.2570975273400773
-20.003987438174054
-1.8366284646325926
-57.70301493482562
-31.93864093046896
-4.749799395260619
-9.654271565827829
-81.0954184893071
-73.29258024785801
-41.03468316225757
-29.578146170816026
-42.39705027575985
-52.497490576524996
-52.41532538432398
-11.521155129406445
-5.34827509880509
-59.48139704423623
-70.68489804065938
-16.680011863875784
-60.45565345901618
-24.754685276510614
-73.84130616768864
-81.28816027301491
-21.728611099848383
-0.266729767515681
-27.125270449140633
-59.47203452519808
-28.862857606936384
-18.672667869761618
-70.79662159384382
-25.932673261843803
-50.27892786434812
-21.810555827829212
-40.451718240763185
-35.43425210848079
-26.04683539942953
-31.86785559952082
-19.70334476505721
-83.76546658029726
-26.764796754156418
-62.133685058646414
-48.03638577637224
-58.822041785087315
-53.65092226597175
-23.123846724784876
-39.8849166580321
-47.82874113805518
-33.9571787788107
-68.88765634245479
-67.4440951854938
-33.5188869692718
-17.719615415982034
-62.77019942438258
-22.592627787688663
-35.61980365637223
-29.115816722413108
-80.43725675888355
-50.486862545231084
-41.56641576220736
-50.448983538638004
-30.438541648928002
-0.28936689345305755
-11.471500587261422
-15.971802062996241
-57.88680095130526
-44.157404420161335
-63.80584173755098
-61.338029029758104
-1.3841324631265017
-17.415095556586692
-78.48135045181277
-61.905174689222115
-81.01087288961384
-50.18306236783494
-53.76777565270363
-1.8068093092631172
-41.930343763214076
-17.341347062286914
-43.42618757935381
-51.737475450368706
-80.7750526698046
-32.70868507113159
-21.50927143662692
-48.43585277573046
-32.25631439580962
-83.54579232523474
-6.458372002802053
-63.19149417857723
-18.404562165722016
-61.48122733229376
-17.05914944374283
-72.55545611994437
-49.44731562725107
-64.9263996590137
-14.96230355864459
-60.00426236477919
-7.706041211371663
-14.38823099458403
-46.807168835033536
-36.465727753923225
-62.3765761287492
-75.95990579212052
-92.7323679209114
-68.79073959290287
-34.83478777396228
-81.3318553344599
-79.11460505400447
-21.584184281691307
-19.516276524467926
-8.233171964981683
-60.15906165393081
-68.60463666089748
-67.83782679106956
-32.173784098560894
-19.579608932648
-80.85753414789306
-99.2108207813466
-97.65689728351322
-8.352431512643719
-11.832095747181814
-74.0991555416333
-98.26646049597962
-49.47936399781959
-96.08752708929097
-24.65934283686113
-87.43020620013348
-69.06959493513644
-51.70456639212057
-44.17415487534585
-84.05860462010625
-65.8744204365528
-92.07559570625784
-12.569143380054966
-25.39262452686263
-5.66051756267333
-6.426764437902461
-98.76246241811216
-84.22573876354123
-66.00989161978373
-96.88365593204485
-23.19921331958482
-27.970625798860596
-69.66225681461721
-2.9327616671660426
-48.90317788830143
-58.631719969410184
-20.019765758664377
-10.955155476985938
-6.9958105743156125
-59.25689094954222
-78.20640906045328
-85.44557913651046
-57.64619158201494
-8.376544557139427
-58.856506678345006
-75.38644264184708
-11.238900067046854
-26.27739449709465
-21.425376913029893
-75.57714445555816
-6.317790839977138
-29.168554929021543
-95.39848828660011
-50.22290458138652
-103.034829627282
-56.25718107200169
-75.32438167682582
-32.49579091460361
-47.609845857429775
-3.988039466232853
-91.40247025762947
-16.30512854565234
-81.26304486093022
-63.966433578069015
-47.60188415433615
-90.80606336398793
-71.70866072839216
-6.2686454934225555
-63.06956064265514
-31.42856620495776
-46.88996720152682
-97.7908566197928
-56.671285316974334
-60.50120276531503
-21.158397768103963
-66.41922493449421
-41.899863882463706
-56.6959335847139
-60.56848854466997
-0.2302951440396992
-13.650373607385681
-27.89200723196219
-19.6230558597615
-94.63634473984384
-86.05246665890198
-59.53135629370635
-8.671314106218325
-46.224463429003144
-98.80738812784034
-16.13457127126879
-58.84916508306822
-72.82101828198473
-18.56993306064681
-53.76128885066469
-84.20365743384252
-82.74615751995985
-36.99103819111147
-37.67209888678661
-79.0767213066583
-39.4482442576138
-70.99680405273565
-35.547701269526186
-56.18137490298254
-102.83376160856218
-101.15053553565326
-21.266726702366995
-82.19564852147523
-57.45563915706694
-8.779796753538452
-86.23822829579534
-20.637463712981226
-17.824788541226024
-66.66766027087277
-39.50870890950629
-91.60554997335342
-20.483935193700177
-86.86454400154128
-80.18802151238971
-28.851712679286145
-64.70831839640486
-3.627286855870495
-0.03433984812257318
-91.24140512956014
-29.666732316503683
-30.094453479440848
-19.613155441086647
-44.68370238605085
-16.20123306251159
-79.03783665740694
-89.93234625801716
-76.97920864654856
-8.535972439532804
-36.679186435175765
-67.38992552103332
-44.27134441843586
-66.58532231247273
-76.0821519153396
-94.61252912978848
-9.953248140576239
-69.01594011750389
-22.0927226214406
-70.68603634390865
-22.666103017955447
-73.94765995676543
-63.988626658911684
-30.816109584875363
-100.73510299233672
-4.710466065196536
-19.5580870492013
-53.902291702485705
-77.98112264433877
-36.202879768105426
-24.4765786962053
-12.940488944572818
-48.71680891094965
-2.855454550571781
-60.86722295466041
-4.0749713437188095
-65.11076885500164
-45.781846153525606
-27.43493547521154
-62.688077443396466
-95.9045474668566
-16.200808628291476
-57.04601876803345
-99.2126780057073
-102.75566482809026
-33.407468189349956
-54.44746449148503
-47.51214996719134
-61.73517132481155
-48.65716020993458
-52.82603387561063
-99.72966678863571
-30.350066027917663
-102.18283904378352
-41.37512897113151
-64.53081768467942
-95.4057841850124
-76.98257555548123
-68.22404476742432
-56.08334795198614
-12.015781388986927
-58.09384256882751
-4.847428912495911
-91.48830156183345
-106.80260645099449
-1.5618859560066123
-4.953368982323278
-24.147579014377826
-93.14185270402876
-78.97275659724275
-18.841993535995698
-6.616093908259914
-75.72356968072052
-8.875227863230412
-76.40464530287564
-39.23252566057206
-107.3122903317225
-58.596851349185286
-54.640828933698366
-63.173607859943395
-30.05951800417387
-104.45907982371243
-63.24200246574473
-73.47761848205468
-87.01093993881463
-92.26272625622397
-14.950782013030283
-57.784240039396835
-55.32007565550815
-90.63524480728158
-37.13400636560749
-76.4775305587126
-57.977317142192106
-92.6308880797274
-35.14298286907221
-37.98179702114906
-102.45841735552227
-79.40762918297222
-97.94206731590701
-93.75938363445952
-91.2154196627485
-13.020223698199477
-80.13488593934603
-39.83985692008663
-2.394803082538306
-55.41618978001582
-40.019738800470996
-12.907666892891582
-86.88680465778424
-60.65665576233572
-25.85313523621747
-23.577097708448072
-81.67286870163252
-91.01389227981359
-45.572112361040965
-87.67138761402416
-78.54992987394908
-55.00227413585243
-38.55253172237164
-58.48326020109925
-43.88955105912142
-2.1471962665776236
-39.472083414339565
-23.667528223618124
-1.3996721673901642
-40.343288813362136
-89.50530607348702
-75.73891089876518
-41.40642207332586
-62.34272308329547
-88.70511276056203
-39.249717192351156
-38.177654534837906
-88.59577845604106
-91.78277475691634
-88.13467612298655
-55.028176004254966
-26.092483793149423
-67.63732960041352
-10.180652937598026
-86.2913753146642
-15.236915904124228
-53.6657766422293
-2.0021511493823616
-55.59676681603132
-2.480780546269925
-55.25437526290792
-2.029594072510311
-30.1790682507264
-82.84447299519917
-38.491957926945204
-79.44112498624042
-47.98806622033647
-52.89980195377451
-28.199211292679458
-22.58415407649116
-96.17280027015434
-91.32149771731007
-85.8281224963801
-23.92470776080487
-74.3494551899177
-57.13257857868696
-1.5266037223032574
-47.58386896273006
-84.06133329873171
-76.86340433095017
-3.125531504005095
-9.67262461811607
-94.58016989326511
-78.41549701266872
-24.264291158782004
-13.744284563359818
-74.80315879202101
-15.90759700641956
-16.216764501779164
-60.9278594841887
-22.883760813263372
-66.82572003163013
-53.86312554316928
-18.981997502151447
-43.41577007634316
-44.099976336284364
-36.886145281276185
-5.218655658995813
-4.157046673761151
-32.4353841153149
-22.080664229957783
-44.17285121352709
-32.0002523214547
-7.006822959799981
-9.553115791832488
-42.97228770299259
-14.784739116715798
-83.39914643447051
-8.495206610917842
-39.28865242360011
-63.20907060001572
-64.41802012630967
-73.6605095933947
-39.05418398381917
-34.554099107634734
-36.6568392423921
-58.94536506959782
-48.97411579534112
-3.6395911451541134
-3.6446220551811486
-67.60619850365453
-58.51621444795114
-0.44325890263108114
-9.373201969898453
-84.00873328574501
-23.486431370399238
-65.0778743822346
-16.909727252625927
-7.356958116903623
-60.90903862735189
-17.867879652980854
-1.5581651736962192
-17.14365873986867
-33.46365073052257
-26.49379886330202
-87.40397435028557
-79.97203785484018
-84.03037766679358
-43.407907302953745
-65.53706566576484
-15.779463972816336
-49.50207297537505
-74.2227646139403
-18.49871722962787
-20.124610390331306
-21.933209333130602
-16.45463429701783
-45.673452267211864
-18.356175706184324
-57.65827212919244
-43.44281085805832
-58.13793078442306
-49.54342623457617
-63.862253392370505
-6.439542220720329
-88.93019054326533
-51.22788673902231
-49.00299804868523
-50.71859347444493
-2.3049927971296267
-11.091592217060139
-33.93455356210893
-39.48409185358401
-20.646897443904177
-64.11136428354568
-46.95396496197381
-59.30205362569886
-7.598930416731047
-82.34021547039515
-8.531214158292885
-84.98732348719544
-5.045092067470079
-41.518127096895164
-11.371154253061201
-25.27721693848827
-1.4482175385551477
-1.080735700845307
-57.36179235222856
-54.796605774816236
-74.29440870587143
-69.95117608748491
-15.727987246738403
-18.600352734545485
-6.129879599545107
-44.26452811787794
-62.672760788220245
-57.461095601896055
-41.43524740650864
-32.4439218327458
-44.358043769167026
-14.161334439513404
-5.607346690279149
-64.99030776880066
-49.305564465517755
-53.10897296493696
-66.50368533424533
-0.4661020106490177
-20.572188700773253
-34.48694411647694
-0.5363279978227531
-68.92039688343183
-15.402650220521096
-14.710027619161124
-56.47468350901018
-32.29371710181017
-63.89358075759429
-42.06724327485816
-14.768505709046638
-63.731160560019006
-31.821792482015113
-68.86542023570192
-39.2775447727512
-39.36685402108129
-57.0944045515448
-20.314481424589154
-33.59835558758639
-65.3732836618913
-7.033861186825241
-34.025596813585004
-39.905790117277256
-49.9962648252465
-31.747131249901358
-24.22540293793795
-15.524195115167426
-15.344830842732303
-26.910309504790302
-43.15834363938035
-13.987031469412763
-67.49762752404668
-38.581116310919164
-48.08368760838893
-31.44173906078767
-33.99672387386022
-13.602740647846739
-66.01676549765968
-16.260031085029148
-15.224808506188975
-60.95370049315284
-44.51253756551591
-51.39885714087492
-27.629567950642265
-62.85862893920119
-65.45411146815334
-14.346799266752397
-35.048430582793564
-9.735774638414695
-21.569666236888033
-7.27854306159875
-4.068991624165587
-41.07179732594162
-16.063535313440195
-13.213051415844731
-64.84368880897544
-60.26354590787916
-22.757354711594594
-13.14669585397056
-64.05791402861142
-58.407850152587656
-3.6608556884336663
-17.870283065450433
-12.551740144754287
-53.59547915281481
-17.49381351340545
-36.9353560488082
-57.07404298502941
-32.02644088460942
-40.428315791902406
-62.519575097904266
-11.335790911536346
-53.7945187304042
-44.933631743792645
-33.7110630690018
-18.17811467282034
-50.776694864787046
-26.58054601010126
-68.98431246547922
-57.794733853051824
-26.852199764051853
-56.07579625142332
-49.32751487063271
-38.73692819799623
-36.132548499384676
-35.53902701858758
-28.866760342006703
-50.30248714583807
-52.93154291538879
-63.255435310440205
-46.10121065800109
-31.65047600348347
-52.207441735465096
-22.227471901164222
-41.51040032507359
-43.76319431805773
-0.2521746050381757
-51.47850274265262
-3.1118559541254367
-25.125798718925093
-34.970266006684454
-13.880698135533684
-33.658717557616235
-21.606248660733407
-7.007646503389896
-51.99243106250766
-63.25518832628232
-49.41667910444015
-15.100967245054653
-24.250320057272038
-61.87211875120673
-14.791711081598176
-17.342634483152906
-2.342899330812216
-60.29159667031854
-22.92024363189162
-52.288068036048216
-67.36669968062812
-6.2167054560420345
-31.219665836648588
-5.991072127303355
-41.535619768937224
-61.72440855825177
-5.156405856677409
-65.69370023608356
-22.396466481106163
-13.465993509613416
-43.047002823852
-29.98113669311889
-51.974514300432936
-39.22005183511319
-15.666228218529014
-64.68401916311461
-61.833940560074545
-32.59704870990002
-22.821835199193448
-41.275435171103716
-11.125823333002351
-5.822928286342993
-66.15911516699173
-58.82054018213023
-6.019506734505534
-47.139437192991885
-49.632490287785146
-24.945465302104868
-47.64106175643468
-7.860973263884467
-42.76175378502649
-6.771459485186401
-7.701800276256011
-11.689916187032846
-34.610819865130615
-6.1125298179836705
-58.0699657218165
-65.8756139257021
-33.219526665880075
-44.52039340182671
-62.38548813190751
-59.03279709848215
-35.95071795690118
-44.52150518104139
-32.54078546360013
-8.540018435725111
-40.55842317078627
-52.50542100082942
-69.8963082938193
-65.10592020054156
-28.35894418180444
-21.522505012533415
-7.059365559429949
-66.97229555394546
-13.707955849538823
-65.56714428472829
-15.718752172210873
-41.62511416583202
-65.82312640772027
-59.23418659167281
-30.446991484984434
-68.97651205610822
-53.767262123718346
-24.18144741028935
-5.063534548897887
-69.66316111333455
-53.02437083055361
-8.831159499075035
-57.35423953398467
-63.513471795813025
-38.81906378525615
-39.799745252640506
-29.66296362350855
-18.64149843472545
-47.50937337373952
-58.173593970650515
-25.646846353321063
-22.999880486899855
-32.22411450968478
-12.02003951835519
-32.53780044691417
-20.55618758234855
-60.26472254537099
-23.014556207165548
-67.03336150681403
-50.428889950277906
-56.46738440695366
-3.8378648058470457
-37.79171529349428
-26.249433584020238
-40.92271328011729
-53.8677520675163
-33.18950389127939
-19.5005320156749
-7.160177112405881
-31.158886015215618
-19.513393435832484
-68.44683350792702
-14.981332731647
-45.787353814295756
-56.696741331248916
-46.16750248526216
-13.075799945307836
-1.0097991725216238
-29.621510278790907
-51.778593717932736
-47.764685286455716
-26.7019172279217
-43.50097917691453
-39.8853338012833
-25.55475877588838
-28.95111767534103
-24.49217441687449
-7.928530350707691
-69.84126261680868
-16.647613539647487
-13.557433149883167
-69.21197160806517
-50.9517713549225
-42.36410679061918
-12.950375336088275
-69.59030987617427
-26.789679078839065
-52.35534762110824
-17.455849826409732
-25.762507195051857
-68.99232553364217
-40.64070330882284
-0.10325424682963824
-3.9001646201135607
-60.36408691127331
-51.86961987793307
-52.838447146258396
-56.86968305670514
-1.1277820139636696
-55.96181670820223
-9.898401790720495
-20.92958504682595
-24.73236804604444
-35.65213872885329
-50.151013659252484
-5.739818851812586
-29.174230945312818
-38.89298589126545
-5.672777973131953
-24.73574899206597
-53.84068951999171
-21.924535017208157
-45.3034341845369
-11.90777670040264
-42.03603615425627
-2.553932669619503
-23.313847126776803
-15.301782792163358
-61.921698394886576
-48.81974620963767
-16.485035743208257
-25.977452723283815
-69.84064637914764
-68.6911751727166
-54.212534112354305
-53.45791958728157
-45.640540523645384
-41.09360196627692
-62.8849160136108
-36.88997179123221
-6.414705359676174
-43.44018725427113
-41.60976306367353
-0.2259328977028774
-62.84816380542794
-64.80358763556397
-15.512131314792931
-48.38942978172773
-9.921124896175948
-28.021661567682976
-49.158309244735264
-58.3915286697307
-17.00851403572309
-64.30558161474664
-63.06767537399418
-68.70480926162921
-36.489401390209586
-42.48093825853141
-20.832867720048572
-29.909697830871753
-28.876302538404865
-30.459606388373967
-66.7923907909788
-1.5128210417807753
-2.3918869367026185
-31.81946891820134
-51.14893410906993
-46.99197122309447
-46.6164643984013
-16.58356290462974
-59.36974089343002
-22.270499528850856
-47.3423895501708
-26.752329480871317
-37.33517836613187
-26.507918907717443
-68.05964450882398
-64.25431260203527
-21.16526472431607
-60.02151790624368
-9.765337157041605
-38.52880945829612
-68.74224065036603
-24.31405039854318
-21.671247561558463
-64.98501350423182
-24.44170142835654
-34.09452676754213
-46.85421154756115
-39.032833939604075
-29.597639438588352
-6.747814833812889
-30.158085359823605
-10.661234338725656
-48.41470729428593
-53.61981096919378
-14.27136888784641
-5.464117019589329
-46.642230588173355
-19.367716378761468
-52.297082864434884
-45.77012604646379
-15.282868408647222
-36.108057411899345
-58.41329114400309
-1.464130963211665
-54.342786706683015
-67.7339965274042
-69.73252440594442
-48.420581188092726
-22.847383901245916
-49.29648651306507
-44.742588043342764
-11.650948111108512
-43.50232328518488
-39.369654633228556
-2.7665779299369584
-38.66199226702717
-30.173839788293485
-69.07730642764209
-17.06599350379164
-31.05265889510383
-42.99241236872539
-61.70253156914394
-29.103643402912304
-23.81629296081816
-61.954765281572044
-25.569376583976403
-36.64601954122795
-35.91448864135077
-51.77066110538095
-22.897066672414688
-11.38934932239119
-17.90712888576666
-13.008986299404427
-11.37945817884367
-64.57964560273133
-36.075933257497766
-25.36768064332183
-58.151301484007234
-21.631262401161464
-42.14852846907437
-36.67737939500434
-27.090735022668618
-21.766557330248332
-39.385528053157365
-15.943150306292774
-20.17424363080824
-19.924037975337477
-18.802097215516376
-20.151680631915024
-18.15903266488116
-16.14933985436203
-14.593075629722653
-17.33346012411479
-20.365080950900797
-16.858831226173287
-14.60987099293978
-17.23395474162138
-14.53165966376349
-18.590321112964805
-18.83898560029839
-19.233786167892234
-18.583745339721446
-19.015250136017038
-16.897167519755286
-15.666580073736629
-15.559632863400008
-18.22376862986603
-15.329387794981226
-20.24018230602293
-20.77097786962951
-19.814911951579937
-16.90576969930648
-18.60946050038153
-19.17377481400701
-16.705727210451055
-17.81932135561362
-20.621198480297018
-17.26645308196653
-19.636626553347263
-16.736931168156286
-20.26800806012281
-18.56441588424351
-16.52568057360977
-18.808362752041514
-17.0820150574065
-14.376595080071755
-14.80967477948085
-16.283507342935035
-20.248900876994675
-18.364560706799487
-15.68138159661138
-19.15281008574705
-19.01145931891478
-15.92807752358067
-15.54931993706672
-19.052551198652793
-20.84195403372666
-20.22730814451964
-18.507784963762788
-17.15897554099484
-17.654856349743863
-20.444951696137906
-20.094553980563052
-17.64819909123173
-15.280711737957922
-18.1950110510017
-14.043528044915458
-17.241079155874896
-17.179500959853623
-15.649025617539788
-20.495851562216608
-14.358215612276734
-20.87694131885938
-16.5283859384395
-15.513060727765586
-16.958356556372742
-19.330317954408166
-20.38159935643387
-16.68321421760236
-16.433022527652398
-14.892342146553997
-16.6700142485481
-14.17101183082313
-19.675141961976763
-17.34364887136689
-17.215057182639995
-17.973564468961353
-15.50034269699219
-20.909917585310474
-18.95351437016003
-17.952895475538607
-19.59307277947892
-16.19528961215233
-20.86248254728298
-17.76473321650658
-17.910029257969935
-14.405733103229922
-16.548838583048422
-14.316995203614104
-19.021357735731485
-16.812798525552207
-16.98385599180558
-19.694731560047977
-19.97469912543468
-19.557227484070033
-14.905258130125894
-16.1690933272154
-15.336360484236799
-20.33878761434322
-20.679331754830088
-14.855084151106892
-16.29662953455339
-14.578378302109243
-16.74572116783072
-20.756601073834673
-14.085443674117297
-20.60938202403981
-17.689860455966087
-18.887596530573713
-17.82342911510656
-18.12690988651009
-14.812151286874936
-20.42867891084609
-16.542514903522257
-15.53726063636956
-18.403318122629702
-16.12665215805408
-17.896877773358973
-15.171253649980587
-16.576390021413616
-15.968903263740708
-14.888184894849921
-20.863153019954783
-16.342822925496368
-16.934639202810903
-19.62403393095225
-20.84963862857974
-14.687623974325502
-14.660793071400766
-18.38295378633199
-17.76700600815689
-15.89505897718561
-17.46947500317984
-20.00073624952523
-15.99649590837702
-15.14791829551958
-19.180700581264553
-15.34667920664956
-14.638851432962422
-17.321984548176268
-17.73984001655004
-16.95246297732786
-18.15651265154456
-20.1667637237695
-19.02164087485259
-19.558257709395345
-20.96855938435772
-18.179521476698692
-20.953830905091838
-17.222152872892014
-19.099679220676663
-14.452733742109238
-15.09291558325443
-18.401130757027673
-16.48616576027514
-14.629636165871695
-20.49901121962521
-18.874891082559458
-19.855335237502093
-16.315850931294932
-16.54240614993249
-15.97136705661896
-20.5639108614144
-16.974960109997824
-15.264161814957795
-15.714803805819374
-19.219008296648173
-18.498368728693976
-16.880756245191872
-17.091589915573966
-16.55562786768209
-14.199090882952909
-16.302214849679455
-19.553933739950114
-15.90443566367463
-15.544384734852443
-14.032747883145586
-20.983412442373304
-15.250410585230824
-19.9235373884836
-19.211998544560405
-18.99756260398175
-14.350806143352045
-14.566694530992052
-19.68687298152926
-14.62240737282465
-17.543527367863575
-19.45900804097126
-16.83104063932431
-20.71442516404096
-19.166330987508957
-16.611252583797484
-14.776089794497802
-19.107664931419237
-17.269241828841384
-20.391098013476324
-20.058196420294678
-20.095210813989844
-19.370787363921757
-17.003103586139055
-15.465412320799691
-17.35217854852478
-18.4046588261706
-19.84364361974868
-14.556173284995968
-16.012312554284232
-18.290962369114077
-14.09504710890836
-16.443536792202444
-18.72916206688913
-20.37762326798897
-14.135965734358894
-15.85876177380027
-19.119176486286985
-19.611291996557057
