-26.35198820836175
-21.97903867134292
5.8578927631562525
6.199786826078373
5.542011010976516
6.331049081320069
1.5488627022922596
-14.649746728050212
-129.43807598666845
-58.21640596702581
-5.7115466108086395
-29.782667128249987
-39.34158099927568
-2.863144097631798
-2.8843444276247165
-7.994016479210308
-6.108175405321647
-7.746610835017636
-6.072219139420739
-7.708366024728243
-9.14727296329677
-14.749094306930902
-24.065353798022493
-23.654734190559008
-38.949728713909145
-3.5566747244683397
-3.218437156417098
-3.2762166164138664
-3.095938406391692
-3.4925090492522948
-4.527367347452984
-2.7098094189415374
-2.458226345172151
-3.5212310403839977
-3.3126781873299405
-4.258626186578225
-2.9258841915708045
-18.34716902410177
-12.094666849259834
-12.35584789727326
-12.621840569851262
-12.033441535506713
-11.165792617409338
-12.64512580608044
-11.222377833853571
-11.569587432178459
-11.998204243117552
-11.190491349113426
-12.161902795486792
-11.994143746705443
-11.24176782477001
-11.333679297707457
-11.125548639397369
-10.928698022325031
-10.649018128848315
-11.548213180101595
-10.630784765933024
-11.306714846788289
-11.422726645857262
-11.245327657773876
-10.088848909791203
-11.584677886989104
-10.76748914370832
-11.487372184881485
-11.081081489375983
-10.863190900535711
-11.824312105870892
-11.772136566977542
-10.35851885572871
-19.075632590814774
-16.181549956755404
-15.121168276173076
-16.264591699699288
-15.925562913923692
-15.684029141410248
-16.351879870205696
-16.99781318678934
-16.420284206440037
-16.36526468700865
-16.880789201319676
-14.129940893340079
-13.848865723307961
-14.281775289715442
-13.938182714897541
-13.243891702878612
-13.690284761471794
-13.48369273110215
-14.867504107733373
-14.171752984254953
-14.61357077037575
-15.702583450917192
-14.626483346126301
-14.278391259644458
-15.174370096797544
-12.767354866782256
-13.64414955419443
-12.273004522011759
-13.099335559860203
-11.811732815487936
-11.22661083252222
-11.452944471527282
-11.948802425062487
-10.959564743580577
-11.365281267009525
-10.096130529935238
-11.724282885596127
-10.747608118658672
-11.578984962008954
-10.128768240771826
-11.059167911011563
-10.917065340571366
-11.540659722177168
-10.560904000344
-11.534380342016798
-11.774040780654577
-11.713295821959466
-11.282120216400196
-11.852820759453815
-11.922300796188654
-11.607296467896726
-10.79430295751786
-11.463205960883435
-10.10409939995893
-11.546532613005002
-10.376765721443215
-10.552308616526473
-11.967754633025447
-10.962822809686138
-11.022560956550869
-10.018331656420214
-11.118691356684156
-10.215160138766677
-11.709014576001374
-10.173375483191778
-11.723583887773332
-11.208553175352936
-11.070686707639837
-10.57602278635848
-10.013403905543857
-10.940460577476628
-10.56043645621493
-11.71917085081249
-10.148255880310707
-10.169944484699188
-9.612118406329378
-10.069045985541361
-9.178513592630758
-10.465312652903478
-9.740576381077371
-9.582272690330592
-10.534343666883464
-10.668810215436064
-9.45968167063273
-9.990960537116306
-9.094171715751788
-10.599092931653558
-10.61242954405352
-10.760564942908761
-11.302125138684321
-11.45915603089097
-11.995598907436397
-10.14665073463497
-11.56151045153867
-11.97616326859969
-11.675260678555691
-10.933820508185175
-8.491622751435017
-8.430536513016097
-8.37862629178725
-8.85526534778958
-9.34114157230825
-8.60598061169406
-9.100945239128043
-8.964957676796107
-9.355330170564839
-8.8683689898289
-20.20286145251981
-2.350595767120086
-2.735346278321824
-4.303286787247265
-4.986699323320288
-8.4919505660994
-9.090731161148932
-9.714061889037998
-8.50684499719491
-8.561940108521336
-8.882482634216881
-8.336946168832416
-8.161641834684824
-10.150299115479008
-10.854039011244108
-11.817132449423521
-8.529674410824482
-9.816094978891007
-8.763480211551949
-9.774701706358544
-9.511734505219252
-8.90558146041608
-10.29161218091079
-8.91146888961382
-10.697413975490322
-10.986909952240236
-11.396730408964025
-9.171171164196467
-9.104131424301007
-11.533758248975186
-9.115549803272145
-10.706179076449061
-10.999671552214183
-10.237289976453969
-11.936661640315313
-11.212564257774561
-11.8695685857228
-11.335133875776
-11.638464731061578
-11.102047718665144
-10.930438719986519
-11.191200710384363
-10.61066093019913
-11.622165310195165
-10.750524312508498
-10.040059254257761
-11.178328959203249
-10.621119813169523
-10.165822706729289
-10.849694520762503
-11.248910985887825
-10.759006289754454
-11.82597306344705
-10.24784058642199
-10.662094793327212
-10.80989101893824
-10.051045115958743
-10.96800379806838
-10.62878756097846
-11.666640710351913
-10.00212290502187
-10.700198390033808
-11.942732830506046
-11.458570633378338
-10.412404533155039
-11.683972368053592
-11.334292458915474
-11.078588440818248
-10.288388894577702
-11.036824948319284
-11.277132826133935
-10.265300043993912
-11.56078253107299
-11.968704561291599
-10.491910083650481
-11.614998103366782
-11.849890023396886
-11.725915510618448
-11.008402807553193
-11.488880035032253
-11.463926578722612
-11.89658654549712
-11.049226224768484
-11.57136429142226
-11.814104622182242
-11.421751365250799
-11.772230477734622
-11.356098872909987
-11.70594292457091
-11.356503028266708
-11.044200393608527
-11.918334339988034
-11.083089261118722
-11.891582705996276
-11.08794079822251
-12.554513968909479
-11.759372166128829
-12.2757514241278
-11.059445653361463
-11.01377187167621
-12.530623490842267
-11.879731240809672
-12.403256185656739
-12.606882715960236
-12.229769868246578
-11.430945273965365
-12.745357315462048
-11.338512836200067
-12.303550310173236
-12.161298509717824
-11.482762647071029
-11.816699871010208
-12.841571806383534
-12.321639348077868
-12.685554953940784
-10.20871202704464
-11.757193089362724
-10.028580161678647
-10.031996223339775
-10.930103044213645
-11.902488499878253
-10.933594013947056
-11.965943051232802
-10.773067076199968
-11.771446031560998
-10.948187976503654
-10.07217251019589
-10.32553477451258
-11.262088488670294
-10.015583136063455
-11.388506676427246
-10.338582759300628
-10.307867144255567
-10.49119118488909
-11.493045346127309
-11.976836790969234
-12.605793887538427
-11.079263964356588
-12.127371383868503
-12.315164078496416
-11.06360928572056
-12.696844852917
-12.722704203267565
-11.171563540363698
-12.221690336287711
-12.386519566068808
-12.466251299453425
-12.481754251109496
-12.878973055720294
-12.229098058245638
-12.21407483215231
-12.038094308962208
-12.42870878052592
-12.750727624901494
-11.298726054548368
-9.637609183403905
-10.438115885745463
-10.001443672822937
-10.045497718421148
-10.53645072317844
-9.303636204498673
-9.30250616288125
-10.418531271013237
-9.049061771589278
-9.254536774693241
-10.167810054277592
-9.209706861949973
-9.807309918445142
-10.525577204804314
-10.535650273248349
-10.426322321165056
-10.480287281421482
-10.01017929921018
-9.404179203563068
-9.075704412788461
-24.70084673807584
-23.16266635558084
-10.179190170586304
-11.866950686012459
-11.12553694091067
-11.553263224243825
-10.135744064941314
-10.582410667665751
-10.558184123204121
-11.685474552367607
-11.254469087009424
-11.651060995701604
-10.283242936106962
-10.948923156160069
-11.433213446294788
-11.095776499730952
-10.481999424446606
-10.211788934074832
-10.359105888047827
-10.821027783710155
-10.218230479221743
-10.904356822403491
-14.363740421477374
-15.211462409594043
-15.849425788278348
-15.741706486132308
-14.518166305611038
-14.979485333995326
-14.795369625372798
-14.383715216525847
-14.193969029842311
-15.258216863483584
-14.694959046123204
-14.286126665496695
-14.522077436515543
-15.860857206966848
-15.569415130916978
-15.161892109757613
-15.084455097781632
-15.660972183481201
-14.242089714345573
-14.067039356896531
-14.15100448007916
-14.111853104329525
-13.707797392842345
-13.838719419622777
-13.06250799226951
-13.702628612267585
-14.347169109397658
-14.694519278025956
-13.192880762392896
-13.572641039631058
-14.05201717577938
-14.720632167129548
-14.738420079272075
-14.706258856145942
-13.94645246108234
-13.60173780886313
-14.399291836551205
-14.5492682530541
-13.847931083799805
-14.41970999343205
-14.146620948870817
-14.78419662375566
-13.219614381555658
-13.449071211870494
-13.633938150758734
-13.366063083720528
-14.480699453347395
-13.105933789179183
-14.837306092835604
-14.450091580297574
-14.472787540464646
-13.71995715830658
-13.71295416479817
-13.817705080882341
-14.84018258643282
-13.79866141584509
-14.35865982363212
-13.426264188824543
-14.47818587669188
-13.45623529738111
-14.917280492320272
-14.553852944868778
-13.803852737571678
-13.093557441971912
-14.232472201682803
-13.12617962490543
-13.995170099832206
-14.967470021065008
-13.633723009841693
-13.372236614812916
-13.802177640726677
-14.704624663621638
-13.272067631385877
-14.85937385079669
-13.078127148808925
-13.039488811374358
-13.669692336106005
-13.615769064726775
-14.166369099104163
-14.571639934649724
-12.063322254546723
-13.16906327615183
-12.435819474484704
-13.120099125897314
-13.11771177161501
-13.46669495802118
-12.28040964288417
-13.22167889810142
-12.873428948269702
-13.042093737617638
-12.85225146130566
-12.016659121996202
-12.424558805769793
-12.147104399416367
-13.342283480215448
-13.953363491902849
-12.304150607606594
-13.059509295824606
-12.892686682132098
-13.093517953228803
-12.162454649038017
-13.459998464491257
-13.57989454386745
-13.604965708944905
-12.853145192421438
-13.480729911795644
-13.089322482827026
-12.872798315016428
-12.29949048915221
-12.219032752611552
-13.725265454386586
-12.35808861954151
-13.474670570592384
-12.773126554474931
-12.313982132557813
-13.693147818096213
-12.14482366088601
-12.64978361084234
-12.021427805006676
-13.073415552938012
-13.047756837779868
-13.625154160399822
-13.554645977943837
-13.613498878582796
-12.993258404021788
-12.079310862269377
-12.31994200216949
-13.680047273057006
-12.929674552055017
-12.591764712063972
-13.023428300298113
-12.367247047528553
-12.641524487282338
-12.618291395231896
-13.778118565948889
-12.389943486390381
-12.563214673273245
-12.820394789497673
-13.958463609677947
-13.96956524558102
-13.691586523971928
-12.810385748127288
-12.739022528706936
-12.344774808266216
-12.96067353518663
-11.982184357276793
-13.387769146596378
-13.391897489930995
-12.572054473688626
-12.854785186805053
-13.142836480240312
-13.455909293558884
-13.59393686808403
-12.262403904930057
-12.032718964264117
-12.907231523793838
-13.401946583669954
-12.409512605359525
-12.458600237887802
-13.43356055120111
-113.34328565350448
-113.53610774813929
-114.27026875471931
-113.26738077208908
-113.1974801875929
-114.47138533909181
-113.7233469675637
-112.902741601974
-112.70165006732525
-112.84974705529142
-112.9619390907056
-113.08499677112985
-113.39724541886898
-112.84483451407786
-114.28512122957596
-114.07719041763809
-112.88782035001807
-112.9614931893002
-112.8042929326246
-112.56307460725884
-12.686205976790417
-12.549462192634326
-12.803481038963469
-14.266669001054463
-14.490289313473944
-13.002607926561893
-14.152409974790688
-14.462555704032528
-14.491427324645862
-13.524955055528224
-13.772778198941362
-12.995512866145607
-14.031936166855147
-13.656323375828924
-13.597956662653196
-13.936592550451257
-12.666822128673271
-12.615522245566975
-13.93608800490929
-14.130366291671153
-13.783621052807328
-13.141384768696284
-13.247092456335132
-13.084499024121138
-14.510763997686134
-13.005088004568465
-14.269351653285336
-14.563415786426882
-13.043166851783027
-13.154421506938256
-14.259913364495386
-13.316408896269333
-13.662835289588513
-13.130929029939127
-14.354910038463194
-14.48985841281058
-13.1580192939206
-13.207911958402587
-13.325977163356175
-13.219354874618922
-14.43098583184312
-13.896143479412427
-13.851308816794056
-14.824690121720684
-14.037553782640735
-13.765552573458354
-14.007403293692002
-14.659145664717878
-13.34403874125059
-13.78185956924064
-13.245397428518753
-13.201680380844579
-14.004401647453284
-14.33396369722886
-14.185481966496138
-13.371259169470797
-14.138976954179801
-13.135516610814829
-13.926514301247895
-14.022542051136288
-11.006785068087826
-11.745946775386063
-12.686301626667547
-11.553675080152637
-12.88469553801503
-11.29920333754751
-11.709493391052087
-11.166020081579061
-11.055731523236627
-12.228728681185416
-11.124012832486603
-11.255805184199485
-12.41372835837144
-12.490893547651513
-11.282410713449394
-11.622668886007062
-11.215725098803068
-12.195452286374026
-12.866489165928101
-10.915588401821337
-15.132039410592363
-13.70050298265552
-14.468146371824911
-13.5238536579486
-14.354468500354809
-14.972614042861327
-13.025905082140575
-12.999058248507149
-15.827984858110232
-15.72235804280481
-14.057276576149915
-15.272393781565103
-14.36504184434734
-12.793819082036006
-13.136979459433359
-14.933287988653994
-12.862773133745096
-15.80382012574728
-15.48946330822055
-15.801424574137481
-13.61164332700165
-12.694931573547645
-15.586987588328588
-14.312230856500438
-15.750775979084807
-12.965102132516673
-12.974503713102575
-15.100441351620601
-14.51399404240871
-15.812156153161379
-15.871977051837112
-13.615681657352233
-13.350872370720401
-12.930318798687594
-12.255550202202745
-13.863690168897692
-13.212782297394336
-13.938006908176348
-14.683870689519312
-15.038104804624005
-24.67762938582733
-26.848373292820977
-12.861508145587173
-12.442899229980544
-12.29827385768165
-10.091769098940322
-10.125716016246834
-11.575247752850995
-12.029954709417161
-14.730175925234589
-10.184806156264838
-15.849649977230598
-11.894527357107542
-10.598296157168061
-13.578775443187808
-14.334698734507644
-11.595372406736542
-11.081856047932927
-10.337492004781367
-12.215711466409733
-12.092696169824507
-14.759046600480442
-13.461299437051231
-13.89558848909784
-11.539719489476132
-11.182220439755625
-13.844958322228528
-16.662679800687826
-13.863553697197098
-15.446717583462048
-12.351551441859392
-12.525607396867464
-11.079808277940206
-14.71153904511176
-10.902995713554652
-12.402536992335861
-16.32940575477633
-15.342039789658992
-14.803712286956891
-14.276587173036948
-14.716530186333522
-10.918761713560954
-14.49779827788037
-12.733545807987907
-12.495346768815311
-16.399458838209704
-13.110692937491564
-15.719376724532793
-15.984303020718418
-12.646683987824296
-15.314666647490107
-14.459766631271236
-16.728930061645777
-12.968487793888485
-11.07328170752422
-15.836454424206089
-14.352452891436279
-15.452138146464154
-16.190065298354007
-13.349748587424045
-13.35161892457063
-15.504296663025773
-15.92514008382986
-13.279756639207777
-15.471616827158975
-11.490083516403896
-11.386274057332903
-11.038231206686586
-15.449537439994424
-11.374420764590687
-11.383956737975687
-16.23392445922653
-14.601636347421797
-11.20303525392212
-14.437194938710299
-12.434910387567529
-16.714351461750407
-12.418191992327609
-12.903480553841609
-15.756255449188133
-15.678174871480739
-17.48802497946725
-13.668225028786635
-16.825454908052976
-16.784624431733086
-16.59090672260995
-13.827905828131046
-13.489894235152539
-17.673980418318525
-14.291890800866067
-15.641890048054957
-13.743818345152768
-17.748468877487984
-15.926127247674957
-14.057621630757744
-13.357697662068768
-17.462367039558647
-14.91454692754499
-14.748041967475999
-16.671402465837254
-15.163967418575563
-13.139036718778865
-15.280477549042045
-16.688533721171723
-16.396974331794027
-14.78859059152375
-17.97866028249406
-14.591698910051985
-15.286466775437233
-13.996378160239129
-17.49067096288299
-13.92447416404457
-17.680293536007774
-15.071874732912239
-14.25687683091917
-13.108955212764009
-12.76598434397814
-14.378896054057149
-15.419284199789752
-16.582776946973752
-15.849434116224126
-15.985191338259163
-17.02568947913521
-12.855723316612567
-14.571177587590224
-14.89332510330813
-14.57037643333602
-18.350338884264637
-17.007717562716053
-18.653714620669156
-14.959568721271292
-13.964984729007403
-13.657215489047813
-18.26525554835467
-14.09098291394928
-13.351987406175688
-15.922065339913077
-14.945040599984221
-18.023034860479733
-14.083802083206812
-15.511050857343939
-13.505533796524437
-17.88514730002727
-14.285487112858736
-18.481113985638046
-15.434598556439422
-15.741703537979944
-15.503509080282083
-15.053580290200767
-13.067914721056491
-18.102965058096075
-16.519829699921733
-18.691013753102453
-17.1397804126632
-14.030841695849773
-18.467382405891023
-16.638351365531214
-15.564198791256821
-16.714059801193844
-17.600294520000062
-13.997357721737561
-13.300431976823662
-14.766757118421365
-18.174787400688327
-16.604804235463597
-13.000329840845009
-15.274715397155546
-18.410497021669247
-15.802378090565746
-17.966698268250404
-13.54958539329279
-15.591153308239402
-14.962418713545718
-14.465145504990138
-16.09913190905098
-18.002120892982894
-17.81745577666295
-17.85311292411391
-17.62266595179088
-17.21765119654165
-16.13471894703467
-17.5097895489913
-18.144215051669214
-18.816396502164054
-14.09616336820819
-18.728466887805816
-14.804791231318362
-16.737617973481726
-17.923858685701937
-16.210677643679745
-16.499377142403556
-19.374423546237594
-19.35473502287163
-16.973656847165117
-14.667245044546934
-18.309537684392737
-16.467390928224614
-18.58393109452937
-16.953410146716788
-19.045201853604514
-19.80659806166953
-17.82882477434781
-16.19102832380972
-19.543844712277274
-14.06774407149664
-17.218925742186677
-15.256194689803367
-19.377147573175037
-19.088249938929252
-16.873871392306818
-15.81693326982093
-19.563334686570975
-16.972681022027295
-19.091003194488874
-19.904277232272285
-14.765653297509036
-16.54407620304561
-14.603525163680462
-18.737583602779758
-17.040954019171238
-14.331939745755083
-14.652483412568122
-15.689157490237617
-16.21848597837539
-17.994130451920523
-19.412752042740863
-15.367025633799548
-14.305750947288423
-18.858392483543284
-16.845421114852517
-18.809877458361044
-16.250782580486213
-14.339565082708353
-19.19754581103698
-16.760324298115506
-16.619975331402866
-20.015515364983354
-17.288696902903148
-15.094567719708593
-18.61516849514029
-15.192930968308392
-19.84915456275288
-18.380006367691085
-14.3529715523829
-16.45728414372216
-16.170574817156
-14.613599129292954
-18.884151499536266
-18.113157126890236
-15.708192626610463
-16.087419521671645
-20.078219202113097
-15.232842982353773
-17.979173512498264
-16.749717029002305
-14.18803111501635
-19.83700994170028
-15.705559471536224
-17.6076427010719
-19.758746888745733
-16.147426028121785
-17.318098030263975
-14.635091265808907
-19.028544748537428
-18.297509980326122
-17.11679377308074
-16.42021997029483
-15.913806500831772
-15.435055087718213
-19.02981052895111
-20.09119192847959
-19.15431591540874
-19.647757268563765
-14.904778514543379
-15.610308701236935
-14.349914440896713
-14.117230711786425
-15.617991014002516
-15.311184260081685
-15.617938767788766
-15.367765196872723
-17.02425548399884
-16.53997033802735
-15.315034173840921
-14.174178604076987
-16.859409724838073
-16.076966193771156
-16.01603770131077
-15.275144921199749
-14.968898042873489
-15.481252355008547
-14.616318199749477
-15.99670446748582
-15.20061141765393
-14.325331104002876
-15.568267667339395
-14.309118546489117
-14.122466887439897
-17.029519084641453
-15.038091094069694
-14.40897111982147
-15.39108919161536
-16.272743608766064
-16.023220308582317
-16.78893332090282
-15.523261020736882
-15.1775387805609
-16.984612625702454
-14.423446453943313
-14.948042586973411
-14.104513546850939
-14.700363835372519
-15.901888480827502
-16.18596410338409
-14.76516207808525
-16.808768088576908
-16.528084984265487
-16.80065109166512
-17.072141204483813
-15.417229888508768
-15.358233915570953
-17.50739130633049
-14.576842119543297
-14.676248239345153
-15.788953627393834
-17.052928289844964
-14.294727890651602
-14.637957933184445
-17.427775670948577
-17.14071072735107
-16.962421673045938
-15.302005335945159
-14.674165241446207
-14.30727390603854
-16.924548279307984
-16.53310804219295
-16.435398047835786
-16.91660648544695
-14.221758570070413
-15.786180857676609
-16.44392211821471
-16.23515793024406
-16.883832595808233
-14.537202041857801
-15.159599642686699
-14.443980546174155
-15.274353938864106
-15.217589853339984
-15.444104936942765
-15.228455038915111
-16.76732359438536
-16.460440904050216
-16.20958853669
-15.99957215062092
-14.441355045780522
-15.635285300732809
-14.492793966968721
-16.761715531150745
-16.843198263211534
-16.1049084637346
-14.578254987325211
-15.127781411377178
-16.62513920399499
-17.03803728821186
-15.001692395058193
-15.747637314111305
-15.121732004589925
-16.85470744809429
-15.834999314692462
-14.939677640455887
-17.525149562580538
-15.1775387805609
-16.984612625702454
-14.423446453943313
-14.644041126582577
-14.732715587915125
-14.0789528395792
-14.937706979607587
-14.179092867817614
-14.486929627173787
-14.59534407704424
-14.89137239115874
-14.327084932661231
-14.347942109477207
-14.35715245764678
-14.78238313692047
-14.278277469004204
-14.493468006529145
-14.062499058286361
-14.298207999233842
-14.007044783384679
-14.123933378568317
-14.030337214443053
-14.431059901501943
-14.04831160435211
-14.321154278978472
-14.953992545567191
-14.297625910648494
-14.358547099748181
-14.499254604217551
-14.882345729296073
-14.9402475036194
-14.845892026467363
-14.76404317245871
-14.539898490579922
-14.919164912982001
-14.40064338754849
-14.4916191118105
-14.76105070478365
-14.831882453404065
-14.797911836095208
-14.399633509018571
-14.552636108115143
-14.90042721625708
-14.174390869758728
-15.147318477140246
-14.040580593781133
-14.799915607959742
-14.933859739470002
-15.268382668725614
-14.55215445232696
-15.29083298134127
-14.280293457026817
-14.01132225499634
-14.769800458011115
-14.805889373633715
-14.875478104816855
-14.130007590358035
-14.920626666955464
-14.562358275906774
-14.654680585835884
-15.036159681666083
-14.158120096240996
-14.19702967013545
-15.156988732743233
-14.483979096911929
-14.04497739558534
-14.511085279707261
-14.405159425051451
-14.118038272016868
-14.795297042468693
-14.235088525908012
-14.116235728115688
-14.419453755838063
-14.565942961029489
-14.924803323726525
-14.189681730986035
-14.358819498276247
-14.805683922797604
-15.18355837873663
-14.575602552774205
-14.993643009064039
-15.250825286568322
-15.160960248816485
-14.669817111930943
-14.906045704464022
-14.26009833181609
-14.282137299888428
-15.383403680835382
-15.18049529354867
-14.645691457313323
-14.333050340776122
-14.640715379116326
-15.022379035939197
-15.327309604578682
-14.626536766901076
-14.825541009340474
-14.001748562219532
-14.483312624071603
-15.491531239059809
-14.631049513994205
-14.101439487017494
-15.066357183459164
-14.027616223712268
-14.428036213774769
-14.793994299246918
-14.291366572088121
-14.592123852957112
-14.030842285308864
-14.189234341922331
-15.200202395092175
-14.945783771624676
-14.383881392408949
-14.002545372961977
-14.870089828271691
-15.163411403566386
-14.397906985065646
-14.870011631802912
-14.28568165920679
-14.454384769189273
-14.164799385670078
-14.485435677120199
-14.140402015510846
-14.141596620140279
-15.01777542723981
-15.86704616363201
-15.393104227467967
-15.283571098489478
-15.678599380646084
-14.433973603364528
-14.528475221068655
-15.476797665853605
-14.75225789966121
-14.983766603336093
-15.119097160299848
-15.566774252907937
-15.694095612364187
-14.653179085405473
-15.71725747635891
-14.810826818950783
-14.85369306788566
-14.482635190383702
-14.795566225768114
-15.744260258764857
-15.599826001977249
-14.995519459344179
-15.21172923265298
-15.888247941891283
-14.49616404482844
-15.38631089176395
-15.524778150572143
-14.502080926201721
-15.19538146025873
-15.771603306877589
-15.278028231751621
-14.563907083177774
-15.701148032851593
-15.297795327523303
-15.373047793724613
-14.580956089037501
-15.308264756294994
-14.699101050955662
-15.021181015586128
-14.972465689603002
-16.207012605259564
-15.618125354028159
-15.852862501916105
-18.725267499896624
-18.460624114172212
-16.141071130121215
-16.19762967296114
-14.750942996232892
-15.764891345146925
-14.463564732046876
-16.02424789936623
-16.78836999789205
-15.613297483658357
-16.573874908502656
-16.126494218682936
-16.776385468086264
-16.217574145650538
-17.26185928461938
-16.096443316048255
-17.340283322937193
-16.602536054647192
-16.470312239733822
-15.702118839229907
-15.745665228274957
-15.420618591371214
-15.771659477797018
-15.749960294704522
-16.871105544188527
-17.15079046958534
-17.364965568517075
-17.206830601867978
-15.977273365516593
-16.96634332616773
-15.657551880618806
-16.811611934072836
-17.263850955918628
-16.302971057327508
-15.571232116983118
-17.276282409084192
-17.25097690165901
-16.858829227185186
-17.36828009268942
-16.775541481269055
-15.417350737545089
-16.732366682676393
-16.54128693539141
-16.351663004991146
-15.469923631647188
-16.365485010817554
-16.86878904884824
-17.37485851282708
-16.731865468850817
-15.718457871453642
-16.035425723878177
-16.091810453664188
-16.665894033619075
-15.759258251730953
-16.543789317032573
-16.010554441125894
-15.908001256302795
-16.501383564096994
-17.360195320303042
-16.50637928258696
-16.23275425926638
-17.20532477430099
-16.53263792413057
-15.848785504572966
-17.27517386590007
-17.17588991073984
-16.947823443622845
-17.164187403796817
-16.59498169840961
-16.512371624747164
-16.77481470105338
-17.12039260090967
-17.277901272332567
-17.036428656845292
-16.171674302975028
-16.968699404606248
-16.94393340058616
-15.961595959033398
-16.246337376694832
-16.674158480109455
-16.70287406403942
-16.757168423334523
-17.050745011127166
-17.29344751775447
-17.272633568572747
-16.222388836355314
-16.22137939321153
-16.688231945219954
-17.237628463944418
-15.825468573669273
-16.803437610599815
-16.922869673297036
-17.501345841677466
-16.252075808505936
-16.249331753069704
-16.18497344762622
-16.659930031027436
-17.007453610487392
-16.477820471165302
-17.29724691255697
-17.36147816618538
-17.314371306749635
-17.278693712919967
-16.33980681932501
-16.305375257489167
-17.32123896371312
-17.246144131977967
-15.96662618441492
-15.559459733070689
-17.009481338644225
-17.00311632794367
-16.255387741245602
-15.748582127346811
-15.69074139273305
-15.583236080703529
-17.181353585082825
-15.685884393486344
-16.302673769422388
-17.31375714914561
-15.683826954613622
-15.60740899508119
-17.15107218471189
-17.41902871123691
-17.332325774806097
-17.033399148077336
-16.39404879633399
-16.991500688101524
-17.021901477180382
-17.111903293093608
-16.218541908874577
-15.76146828512466
-15.588072195966475
-15.989476537064807
-15.330983464815926
-15.863020991568074
-16.263011027712434
-16.356879805749212
-16.55277613566216
-16.92010021343555
-16.399859171739944
-15.687328517890649
-16.00752572001071
-15.557219583757448
-16.327245901299236
-16.052457006336432
-16.509349878192445
-15.92801613000168
-15.095052925448561
-16.002446512209413
-16.573924033171327
-16.355977839069592
-16.920970091720747
-16.570335620263183
-15.710628825522509
-15.594128252730577
-15.255916205100954
-16.73527780083492
-16.33985638473762
-15.913870728786216
-16.32943432709783
-15.964494819983262
-15.655379321155278
-15.80501070457
-16.88303829467018
-16.525007991420523
-16.714169680991485
-16.110957905710553
-16.791787007266045
-15.957842666795006
-16.490185716289712
-16.779668630809596
-16.58197042512005
-17.263573234069792
-16.788566082208703
-16.6293166543097
-16.14586503242008
-15.950756118180056
-16.96561712653914
-15.966231158669803
-15.508452886426857
-15.691461901761127
-16.18881331899283
-17.234199898103665
-15.608963935999732
-16.656907520178926
-15.620179967628772
-16.800225822150058
-17.380122941043886
-17.39188001386303
-17.037346426336963
-16.619137517401864
-17.480056333520455
-16.545259550047547
-15.521167704531251
-16.316008469479513
-16.650688594097666
-15.55768014975354
-15.62116410089528
-16.032074536442778
-16.996121226107796
-16.013999238122715
-16.631414938443086
-17.40792148357341
-17.23563070669239
-17.156119495936757
-17.285233553596182
-16.018136222840507
-17.125767638332988
-16.390036836819622
-16.93911492397681
-16.34944420661042
-16.99287351947327
-17.234315389879786
-16.722158672116212
-15.85384159663851
-16.045753720829467
-15.780673219246246
-16.062363130592804
-17.151090935525833
-16.015437783289837
-17.302448019673726
-16.52335995333779
-16.44310212574368
-16.466130759454458
-16.25592689040202
-15.927013281728772
-17.229665777955162
-16.49121330198938
-17.02787304055058
-16.346070347552427
-15.762227548771438
-15.63370016615017
-17.15403655253883
-16.701068309731397
-16.71507476381808
-17.156122403015114
-17.15341177390226
-16.396693781834415
-16.971161547694884
-16.304062156026493
-16.61070087223417
-16.329984741069204
-17.144331982856045
-17.39060665571765
-16.500877936794673
-16.71158959193766
-16.698286603584908
-17.030292452301502
-16.40294861397119
-17.080226172877918
-16.65220032178649
-16.601298148181066
-15.651621076057895
-17.248501703805577
-16.97527615710256
-16.24752231561019
-16.20687531933663
-16.7831503737391
-15.788937999232289
-15.964067241729083
-15.872558139503818
-16.847699705069868
-15.614065070746891
-16.12785456359819
-16.39875749019084
-17.207077237199275
-16.287959291369642
-15.965779385619737
-16.9908446757017
-17.387733987297487
-16.694025510211354
-17.414671438587508
-17.32928941338193
-16.168716607258602
-15.96446722445394
-16.19399954524278
-16.5169684873923
-17.486983280436526
-17.147901746244695
-15.9577543953643
-15.76198507263762
-16.091507635392052
-17.410648529458552
-16.162835935228255
-17.033456179974568
-16.28304585949094
-15.655565719524386
-16.234261194729932
-16.83117292179313
-17.101141089853733
-15.746747545867155
-16.15096905249337
-16.31329174842434
-16.44801713931625
-17.13976941775027
-17.425951359217617
-17.440603005245983
-16.71918053536188
-16.597529173529423
-16.943784048956307
-16.271029767886006
-16.683854094028494
-17.156214982090287
-15.72628366763384
-17.428839116086426
-16.966828294722127
-15.58947095202464
-15.891608116257535
-16.73529250917576
-16.913886088305922
-16.343415271761053
-16.591067503507137
-16.923516171451695
-17.339824255095856
-16.239954829541702
-16.2651703352137
-17.669632258496392
-16.401966273755892
-16.481863142190445
-16.615545155272475
-15.752328814905098
-17.388974836944147
-15.793625446325388
-17.23992707387057
-17.39006253827298
-15.733563041695714
-16.51159783909932
-16.359503336392688
-16.191020549427677
-17.5092631500724
-17.053099409167558
-17.20168281718639
-17.62525278936446
-16.380522866800668
-16.706602661169978
-16.28454429047531
-17.649780614952732
-16.8567403865378
-17.319484017169906
-16.40289788519566
-17.622614281336936
-17.367732882858263
-17.373217596346514
-17.722621581002038
-17.408308324380677
-17.305670943146644
-17.64633303487229
-16.513679836810578
-17.458165730547293
-17.069471798042613
-17.606611386348682
-16.51380285150699
-17.49056696956216
-16.912053965171175
-16.170943193921026
-17.007568578588568
-16.507155068441968
-15.690993588482568
-15.898234706590426
-16.296289191718536
-16.12283921954839
-17.087992913080935
-20.32154867099193
-21.194926643005584
-17.261437266382373
-16.51804920954126
-15.974367903592313
-15.924364116091333
-16.734064875846776
-16.50967543673653
-17.763696691185615
-16.234463816342917
-17.265578105198543
-17.02209677438464
-15.97724751275961
-16.789494856513954
-17.336468372222004
-15.834951325257633
-16.78528672870551
-15.901407399097415
-17.00660832474372
-17.410281272636325
-17.441430024444706
-17.199975790852264
-16.288257117803905
-17.70584745512861
-17.477658454718544
-16.78185806303657
-16.051442051209843
-16.567677113459077
-16.97991787679489
-17.47126735656764
-17.196542157388308
-17.3109689082889
-16.98374353169974
-17.21218087845387
-17.673315552019048
-15.88774688920226
-17.320456876189006
-17.551863374366913
-16.804251682275513
-17.412054161129287
-16.83649052497165
-17.393792005303656
-16.42450341567318
-17.474985896684423
-16.91861648111118
-17.764915601650138
-17.064712896083183
-17.57744385281982
-17.39187393231421
-17.1390141519703
-15.953348068288308
-16.176584683783176
-16.873781092454788
-17.308903956250415
-17.603395215744843
-16.49551340315415
-17.67040391176615
-16.41793117432941
-17.623833995280084
-17.799278819648574
-16.287682664452664
-16.766959115708136
-16.91508548233001
-16.102217936149525
-17.600414072380616
-15.941851673784004
-17.592318919302294
-15.825330396729825
-16.096541014472272
-16.19261412090388
-16.766241368801705
-16.617821620550053
-15.964379059016998
-16.748031709955022
-16.516115944571368
-15.949050717556965
-18.85827593042548
-17.741067885238643
-16.83789802433443
-15.926758919985625
-20.319679670374654
-18.54212102016953
-16.783296018176046
-16.046198571708743
-18.633066047150805
-20.754808779922143
-18.304491919918654
-17.47331392985607
-17.17097336730663
-17.61035075370946
-16.153044709032677
-16.208886791410865
-17.61694829627581
-16.03620769083577
-16.06340843558302
-17.037273020190774
-16.227907862835046
-17.975297551176475
-17.676166914607112
-16.487716173154187
-16.776051333309944
-17.22350248040054
-16.288224691269875
-17.33345812547294
-17.620333347986428
-17.261791598603523
-15.926935278899032
-17.879343586536052
-16.517781559257372
-18.321612688613975
-17.155055830999956
-17.036862373462135
-17.06876910149911
-16.531002580639495
-17.83089105509567
-16.69292139711807
-16.981043992670642
-16.169849697881507
-18.36619870789402
-15.999543828852259
-17.556209527004906
-16.56696683783703
-16.71860681709987
-18.031023652832083
-17.0672046731725
-18.196879963609824
-17.77970860535076
-16.62356031875284
-17.97968027456063
-16.918578722400834
-16.97851998868579
-17.78529106681417
-16.58406019878066
-16.816351680553
-16.469707112411715
-17.6955141375119
-15.994581104773383
-18.164935117285502
-16.609335452924622
-17.20152597204939
-17.935147431030927
-17.678881028991675
-16.929131709913356
-16.8789168522403
-18.29739768333612
-16.222925560069942
-17.944451196699163
-16.96002126877908
-16.236794262584212
-18.367715259814762
-17.72196558355033
-18.181383186307905
-17.8135967617003
-16.323331019599138
-18.37364347514162
-17.759676894478297
-17.004213531662366
-16.169162941218588
-16.83778087899511
-17.21265593101536
-15.91614294149432
-16.68754712737463
-17.538110275829663
-17.34695983636633
-18.071551933256217
-17.564856214972966
-17.827616825481513
-18.859173922188635
-17.164513715637227
-18.12019200994253
-18.45296583787139
-17.868673721765244
-16.65190942403232
-17.11211757988591
-17.18362281699904
-16.544218964803992
-18.090542706808396
-17.424102323310752
-18.537030862049043
-16.221382655935507
-18.367102304963606
-17.33268609106787
-17.609180325045706
-18.156011406998743
-18.596522336022783
-18.4904051294829
-17.075535952350645
-16.69628519983742
-18.23736783702593
-16.890768493391864
-16.123818925039316
-17.554400096168834
-18.748200085775878
-16.707913780095126
-17.550512331063178
-18.82676345595772
-16.2717749469495
-16.222808806424858
-16.887617611887144
-17.553229606719363
-18.09989457724464
-16.007862611534648
-18.653902117570404
-18.518799777956545
-17.45555517781997
-17.732216767662276
-18.075456509216103
-18.545212866607734
-15.920516904001284
-17.560572043007294
-18.808745569110705
-17.827297457882505
-17.822160666765047
-16.009633973203428
-18.457520517146982
-16.546213486500793
-18.662871784054133
-16.782489508709446
-17.659830967663165
-16.325289079526158
-16.728422139751466
-17.816727447926773
-16.162712692498435
-17.60375793509601
-16.149501598095426
-16.752115957951137
-17.095560968882292
-16.395294105176433
-17.8956249357292
-16.666962293322364
-17.5874778145632
-16.87999630374947
-16.0227046195156
-16.63126779898329
-17.103920277143647
-17.76313507821255
-17.656592665450248
-16.27868023626468
-16.28769012832038
-17.442374277100942
-17.801027607919533
-16.519518806092435
-16.357185391672772
-16.34737341130144
-16.0728281653744
-16.867559019680556
-16.910097372397992
-17.727041401252443
-15.987110748549709
-17.322920664313116
-16.690608561575395
-16.865124420923337
-16.434600384655
-16.190421626827238
-17.728124437205693
-16.22836926379091
-17.331576428630054
-17.625875251283585
-16.96185944800101
-17.069904938518437
-16.74062995391007
-16.745786667154924
-17.63683608331975
-17.314694111456046
-16.58328452967647
-16.91503739881803
-17.08083861790943
-16.46183896223386
-16.336293490425817
-17.082946593968806
-17.71177697096268
-16.35835195072528
-17.34970432885972
-16.078435028523327
-16.1237916372354
-16.38815680764554
-17.147163566687002
-17.628837570373197
-16.839890827613647
-15.958865735378474
-17.849675633515073
-16.060267710216323
-16.386508645353985
-17.4471285473522
-16.740996373517238
-16.380805183840728
-17.347951476690675
-12.975690431510518
-12.772380879050882
-16.829856942079065
-15.38971820349355
-14.31332722184302
-14.242189310156643
-14.11439986619211
-14.871686605897734
-14.345136456601264
-14.105930674319257
-14.255271688843797
-14.204605199053532
-15.469280923173253
-14.679646870017638
-14.309552070859674
-14.281927841971111
-15.906462236599646
-14.467898683433654
-15.388893564919625
-15.371715232098463
-14.956055935705391
-15.646287271174062
-14.709371197518411
-15.40627982025246
-15.374501206566308
-14.802781754169652
-15.741355070777345
-15.201980698629189
-14.509058232532018
-15.953130834097243
-14.43115555296308
-15.805173793686283
-14.00908585812457
-16.00230652259586
-14.916194451573565
-14.509966547128345
-16.43072761876542
-15.527212398153965
-14.866623298996002
-14.408960312460058
-14.422950944333067
-14.601606516433446
-14.159735359167941
-14.188152824680136
-16.523949883013945
-14.190932138472553
-14.561116011100827
-14.560977153182126
-14.6464413634773
-14.465609884071405
-15.185686048305172
-15.972522651769252
-14.975087355176981
-15.807604763839114
-15.287651817454426
-16.280551815477622
-16.529926420904015
-16.464297043938824
-14.373538561246068
-14.756636215174005
-15.824329872081357
-14.17426352233697
-15.673917651582963
-15.837853866118797
-14.980696210937086
-14.069929961312955
-15.308384566213828
-14.543129771276218
-14.868917140760171
-14.42180150181256
-15.197716632332785
-15.261979311467368
-15.74169272869256
-16.143053396609762
-15.797162086799267
-14.649887233300642
-15.837878511798232
-14.960648630538273
-14.96513839531089
-15.043448488319905
-15.64737789167321
-15.346047266272178
-14.891448034070832
-14.459106956166382
-15.102372738863721
-15.167539435772351
-15.34511528037689
-14.686726955302147
-15.91019561334455
-14.645298429803844
-15.202915269910134
-15.048741972135824
-15.67515036142299
-14.586192273098128
-15.146625188265245
-14.717808330167621
-15.242185290529896
-15.010913138280563
-14.579308466874554
-13.77247336184227
-14.163887860352759
-14.669542090685223
-13.609490242191361
-15.733956470918706
-15.231826293552093
-14.177369944811991
-14.185888413957347
-14.355257822832963
-14.793171869259975
-13.881443750633986
-13.839678409470842
-14.536011825249329
-15.784379654330603
-15.16396331457672
-14.756491455051568
-14.953915804640943
-15.79356698457629
-13.959894069111654
-14.249728496857044
-15.69578671304381
-15.050587185585005
-14.963279382204787
-14.255583894854723
-14.383952428749714
-13.80349417845684
-14.637693505164744
-15.205895431669076
-14.427850221938373
-14.883541196607087
-14.210695131897344
-14.933489372304123
-13.816976896476252
-15.30133966950333
-14.442208422185761
-14.619381891548944
-15.314294549805133
-15.792827392050706
-15.226977495664867
-14.247320979942325
-14.146257214749602
-13.947724029382957
